1	0	0	0	4.38070548702832e-07	0.141505820429541	-2.75970481171510e-23	7.50157822713020e-25	-0.150173619407217
0.999902976248952	9.70237510480310e-05	0.0968905967998106	0	-5.46750563598903e-07	0.136048727752809	0.00348756627416022	-2.09146640320953e-07	-0.143236814877465
0.999775539161755	0.000224460838245011	0.224152790845806	0	-4.09822825758719e-06	0.126461740674898	0.00775294097826376	-1.08193445858878e-06	-0.134772521239730
0.999617704438640	0.000382295561360047	0.381770903453905	0	-1.77638423313653e-05	0.112291069412443	0.0125764729488666	-3.00950861657659e-06	-0.125192561436885
0.999429489613958	0.000570510386041945	0.569727424336849	0	-5.58284676562473e-05	0.0971073409192912	0.0177269801776114	-6.37731994811385e-06	-0.114909164639903
0.999210914053114	0.000789085946885981	0.788003014666767	0	-0.000141527742499475	0.0815352027099692	0.0229819190823350	-1.15217041981710e-05	-0.104310068392641
0.998961998949404	0.00103800105059604	1.03657651023297	0	-0.000306471638838863	0.0661509757114874	0.0281457963643270	-1.86940713315151e-05	-0.0937492645240847
0.998682767320731	0.00131723267926898	1.31542492472182	0	-0.000586913681820524	0.0514641134868031	0.0330644558528820	-2.80370339281849e-05	-0.0835482586133747
0.998373244006220	0.00162675599378004	1.62452345309747	0	-0.00101724957205046	0.0379049338559084	0.0376333527280942	-3.95748515288768e-05	-0.0740004663598685
0.998033455662722	0.00196654433727805	1.96384547509231	0	-0.00162226655950863	0.0258144029258579	0.0417988177201187	-5.32181327169786e-05	-0.0653711946062761
0.997663430761219	0.00233656923878101	2.33336255879756	0	-0.00241008201802103	0.0154337333806218	0.0455524717484823	-6.87803426911259e-05	-0.0578886333237479
0.997263199583111	0.00273680041688895	2.73304446437110	0	-0.00336742050927664	0.00689467848846023	0.0489201412652508	-8.60018799892808e-05	-0.0517264443795835
0.996832794216413	0.00316720578358698	3.16285914783524	0	-0.00445829538486435	0.000214254058009864	0.0519475623224969	-0.000104576623883319	-0.0469836161728430
0.996372248551831	0.00362775144816896	3.62277276499506	0	-0.00562646657717313	-0.00470144833650199	0.0546856013450142	-0.000124176048826048	-0.0436697080899748
0.995881598278753	0.00411840172124700	4.11274967544235	0	-0.00680123542996566	-0.00804151460324445	0.0571775543336093	-0.000144467229083770	-0.0417021008630720
0.995360880881122	0.00463911911887804	4.63275244667658	0	-0.00790542750061949	-0.0100633464461619	0.0594503928764527	-0.000165122992699618	-0.0409174225832990
0.994810135633214	0.00518986436678603	5.18274185832124	0	-0.00886416617213808	-0.0110589813283194	0.0615108326215230	-0.000185824659047931	-0.0410945275650729
0.994229403595313	0.00577059640468702	5.76267690644304	0	-0.00961316307576664	-0.0113206739763993	0.0633460863614800	-0.000206259691482603	-0.0419833843679843
0.993618727609288	0.00638127239071196	6.37251480796859	0	-0.0101054054453593	-0.0111116186504319	0.0649283664250997	-0.000226117746438053	-0.0433336061890492
0.992978152294068	0.00702184770593195	7.01221100520350	0	-0.0103153263937574	-0.0106459680860817	0.0662217461372393	-0.000245088737511195	-0.0449176824016466
0.992307724041017	0.00769227595898303	7.68171917045075	0	-0.0102399868172286	-0.0100797783411860	0.0671898719416554	-0.000262865669411599	-0.0465462834089761
0.991607491009213	0.00839250899078703	8.38099121072513	0	-0.00989741933808991	-0.00951198651721911	0.0678031528891740	-0.000279153405576540	-0.0480753068698500
0.990877503120632	0.00912249687936795	9.10997727256297	0	-0.00932279812362042	-0.00899274141780156	0.0680443605997366	-0.000293682696041515	-0.0494059776182143
0.990117812055224	0.00988218794477602	9.86862574693945	0	-0.00856327893615621	-0.00853574491446712	0.0679119899843638	-0.000306227261294216	-0.0504800835489662
0.989328471245912	0.0106715287540881	10.6568832742621	0	-0.00767231954908987	-0.00813156752294345	0.0674211871743334	-0.000316620888715510	-0.0512724845633026
0.988509535873478	0.0114904641265220	11.4746947494783	0	-0.00670421044651513	-0.00775968509350591	0.0666024615980012	-0.000324771442606865	-0.0517826928100142
0.987661062861364	0.0123389371386360	12.3220033272673	0	-0.00570947275191722	-0.00739784489275863	0.0654986946343955	-0.000330669370643849	-0.0520268140536029
0.986783110870378	0.0132168891296220	13.1987504273264	0	-0.00473161792378740	-0.00702810340661134	0.0641611170493701	-0.000334389445132885	-0.0520306891957333
0.985875740293307	0.0141242597066930	14.1048757397508	0	-0.00380546676854400	-0.00663954135433848	0.0626449593889587	-0.000336085627039161	-0.0518247530890305
0.984939013249435	0.0150609867505650	15.0403172305087	0	-0.00295685024084352	-0.00622844928195331	0.0610053847845115	-0.000335979943185623	-0.0514405498122085
0.983972993578979	0.0160270064210210	16.0050111469962	0	-0.00220332888824129	-0.00579722712167774	0.0592941357530205	-0.000334346944401853	-0.0509083302345317
0.982977746837420	0.0170222531625800	16.9988920237001	0	-0.00155552326053392	-0.00535275156907743	0.0575570633626998	-0.000331495809454001	-0.0502554891037591
0.981953340289760	0.0180466597102400	18.0218926879321	0	-0.00101842547058776	-0.00490428522666335	0.0558324678742522	-0.000327751860492433	-0.0495059177409559
0.980899842904680	0.0191001570953200	19.0739442656628	0	-0.000592473609013771	-0.00446113390370314	0.0541502027923752	-0.000323439049419900	-0.0486801275254825
0.979817325348610	0.0201826746513900	20.1549761874443	0	-0.000274317158592858	-0.00403091513591595	0.0525315710414871	-0.000318864626747228	-0.0477958040587976
0.978705859979724	0.0212941400202760	21.2649161944058	0	-5.72723510811166e-05	-0.00361929232260309	0.0509899400196411	-0.000314306567358531	-0.0468681263134353
0.977565520841829	0.0224344791581710	22.4036903443573	0	6.84826277306491e-05	-0.00323085546739899	0.0495319037021322	-0.000310004952112976	-0.0459097280900375
0.976396383658186	0.0236036163418140	23.5712230179595	0	0.000115706752385991	-0.00286976589750422	0.0481586711230202	-0.000306156617619594	-0.0449307078627549
0.975198525825238	0.0248014741747620	24.7674369249873	0	9.89736373147714e-05	-0.00253913909406639	0.0468672696304127	-0.000302913184332747	-0.0439390035833678
0.973972026406254	0.0260279735937460	25.9922531106772	0	3.28480618629603e-05	-0.00223980641420976	0.0456514860622290	-0.000300382643209881	-0.0429412166329395
0.972716966124892	0.0272830338751080	27.2455909621555	0	-6.96427243666167e-05	-0.00197010884617765	0.0445028629533830	-0.000298631833825904	-0.0419432415314796
0.971433427358678	0.0285665726413220	28.5273682149501	0	-0.000197104123109171	-0.00172737835419509	0.0434117547068996	-0.000297690296203773	-0.0409503210766672
0.970121494132410	0.0298785058675900	29.8375009595775	0	-0.000338273527119595	-0.00150993533782341	0.0423682759173579	-0.000297555831264854	-0.0399661316193498
0.968781252111466	0.0312187478885340	31.1759036482260	0	-0.000481680013826412	-0.00131735688544793	0.0413629648771003	-0.000298198678185621	-0.0389923810293138
0.967412788595051	0.0325872114049490	32.5424891014990	0	-0.000617554470391821	-0.00114898000219066	0.0403871215188264	-0.000299566835477915	-0.0380304777836276
0.966016192509352	0.0339838074906480	33.9371685152507	0	-0.000739208967613192	-0.00100318715193450	0.0394332956179337	-0.000301592718045064	-0.0370821189457159
0.964591554400617	0.0354084455993831	35.3598514674977	0	-0.000843286360944293	-0.000877405040426228	0.0384955910031896	-0.000304198880058323	-0.0361485555032996
0.963138966428163	0.0368610335718370	36.8104459254013	0	-0.000929433632552214	-0.000767644137991824	0.0375696251534202	-0.000307302475651914	-0.0352316587476794
0.961658522357297	0.0383414776427030	38.2888582523370	0	-0.000998784343435118	-0.000669602033934420	0.0366523444056273	-0.000310819192303924	-0.0343339141328066
0.960150317552171	0.0398496824478291	39.7949932150294	0	-0.00105045950161093	-0.000581386553592799	0.0357416016457004	-0.000314665039241195	-0.0334558049678337
0.958614448968554	0.0413855510314460	41.3287539907704	0	-0.00107959918836810	-0.000503820825170014	0.0348359949320690	-0.000318759452032459	-0.0325960089027319
0.957051015146539	0.0429489848534610	42.8900421747023	0	-0.00108051440886088	-0.000437793246870911	0.0339348700296337	-0.000323024729115491	-0.0317539014679906
0.955460116203162	0.0445398837968380	44.4787577871885	0	-0.00105231506793632	-0.000382143203037042	0.0330383611486542	-0.000327389283080613	-0.0309295523469284
0.953841853824967	0.0461581461750330	46.0947992812385	0	-0.00100057304861649	-0.000333856698877646	0.0321476054255955	-0.000331787537033777	-0.0301238965103494
0.952196331260483	0.0478036687395170	47.7380635500203	0	-0.000931982922733116	-0.000290511367741971	0.0312643393339899	-0.000336162291984053	-0.0293377310037347
0.950523653312640	0.0494763466873600	49.4084459344342	0	-0.000850427098899597	-0.000251937881164445	0.0303907173106435	-0.000340459974145598	-0.0285708230960416
0.948823926331108	0.0511760736688920	51.1058402307632	0	-0.000757988373923479	-0.000218692670230119	0.0295293541835912	-0.000344635366876079	-0.0278231263561095
0.947097258204573	0.0529027417954270	52.8301386983865	0	-0.000657100147437874	-0.000190158893228728	0.0286825018768581	-0.000348649839547205	-0.0270942250082345
0.945343758352940	0.0546562416470600	54.5812320675657	0	-0.000551575307063513	-0.000164645260031675	0.0278514288248026	-0.000352470466987993	-0.0263845275099145
0.943563537719468	0.0564364622805320	56.3590095472991	0	-0.000444707568374464	-0.000140622128433521	0.0270368591485357	-0.000356071569134756	-0.0256946139933858
0.941756708762842	0.0582432912371580	58.1633588332384	0	-0.000338081677763995	-0.000117481415284964	0.0262395855297404	-0.000359433336203073	-0.0250244768971523
0.939923385449174	0.0600766145508260	59.9941661156776	0	-0.000232040250044059	-9.57257481965172e-05	0.0254605211459798	-0.000362538232125094	-0.0243733649227998
0.938063683243942	0.0619363167560580	61.8513160876020	0	-0.000126662779830384	-7.62425924556391e-05	0.0247005662012157	-0.000365370264036770	-0.0237402605313798
0.936177719103860	0.0638222808961400	63.7346919528076	0	-2.21924540003013e-05	-5.87702857573441e-05	0.0239605860469402	-0.000367915730207266	-0.0231249697587277
0.934265611468690	0.0657343885313100	65.6441754340779	0	8.18860976808813e-05	-4.23763126487902e-05	0.0232414591871536	-0.000370162405997218	-0.0225280017021748
0.932327480252988	0.0676725197470121	67.5796467814262	0	0.000187385379266033	-2.68836752930254e-05	0.0225439546130000	-0.000372103886955210	-0.0219488315101835
0.930363446837786	0.0696365531622140	69.5409847804021	0	0.000294512169806418	-1.25363315179987e-05	0.0218683084081045	-0.000373736533687554	-0.0213870438667783
0.928373634062212	0.0716263659377880	71.5280667604610	0	0.000399635918572698	2.21789423744821e-07	0.0212148845494486	-0.000375057592780121	-0.0208419191650994
0.926358166215055	0.0736418337849450	73.5407686033860	0	0.000498483773467327	1.03739969499259e-05	0.0205847065384360	-0.000376066413217491	-0.0203125997092922
0.924317169026263	0.0756828309737370	75.5789647517795	0	0.000588286050751927	1.70027289497758e-05	0.0199784547855624	-0.000376766332184126	-0.0197984840915272
0.922250769658387	0.0777492303416130	77.6425282176070	0	0.000667881821493896	2.05031045478346e-05	0.0193963486412841	-0.000377168995292189	-0.0192993996035716
0.920159096697961	0.0798409033020390	79.7313305908050	0	0.000737106015643985	2.22351523667668e-05	0.0188384851379923	-0.000377293563131683	-0.0188155573399635
0.918042280146832	0.0819577198531680	81.8452420479396	0	0.000796370817956149	2.31613316367087e-05	0.0183046681363128	-0.000377163526078395	-0.0183466327482679
0.915900451413422	0.0840995485865780	83.9841313609321	0	0.000845772245391004	2.40872020218993e-05	0.0177943361800588	-0.000376802616417240	-0.0178924439901869
0.913733743303946	0.0862662566960540	86.1478659058292	0	0.000885386613172044	2.61408960226540e-05	0.0173065635021915	-0.000376233534536153	-0.0174534390091332
0.911542290013565	0.0884577099864350	88.3363116716377	0	0.000918209677603824	2.97053149211217e-05	0.0168402024257187	-0.000375475971005220	-0.0170295622541081
0.909326227117490	0.0906737728825100	90.5493332692085	0	0.000947035294448524	3.39044935505763e-05	0.0163943392639743	-0.000374547614832817	-0.0166197322019319
0.907085691562025	0.0929143084379750	92.7867939401810	0	0.000971168786013147	3.75933780395599e-05	0.0159683348142983	-0.000373468003496205	-0.0162232388507738
0.904820821655567	0.0951791783444330	95.0485555659711	0	0.000988519931681811	4.01904243866353e-05	0.0155615802231602	-0.000372260169179770	-0.0158393974464228
0.902531757059545	0.0974682429404550	97.3344786768194	0	0.000998355204787538	4.18953420724148e-05	0.0151726873051105	-0.000370941258498974	-0.0154674361702552
0.900218638779309	0.0997813612206910	99.6444224608901	0	0.00100234709843707	4.31504652529730e-05	0.0147998202688744	-0.000369525953754158	-0.0151074535133268
0.897881609154969	0.102118390845031	101.978244773419	0	0.00100355829618166	4.38829611300277e-05	0.0144422105594841	-0.000368018759166300	-0.0147594342521176
0.895520811852185	0.104479188147815	104.335802145911	0	0.00100486426408336	4.37733723499791e-05	0.0140995864454660	-0.000366423272669895	-0.0144231788743991
0.893136391852902	0.106863608147098	106.716949795393	0	0.00100758897554327	4.28715060777093e-05	0.0137708473343625	-0.000364742844415898	-0.0140978204969052
0.890728495446042	0.109271504553958	109.121541633708	0	0.00101007049295944	4.20359873768748e-05	0.0134551379483615	-0.000362979774087751	-0.0137828499376613
0.888297270218144	0.111702729781856	111.549430276863	0	0.00100743959204580	4.18936432390716e-05	0.0131520562698109	-0.000361135251641567	-0.0134781446199004
0.885842865043957	0.114157134956043	114.000467054422	0	0.000998135994749630	4.16218264570483e-05	0.0128611116653033	-0.000359212385729391	-0.0131828083476965
0.883365430076986	0.116634569923014	116.474502018951	0	0.000986164790572038	4.05909502272874e-05	0.0125813376890724	-0.000357218623000514	-0.0128967183197525
0.880865116739994	0.119134883260006	118.971383955496	0	0.000974702834957992	3.92004671113256e-05	0.0123118421528716	-0.000355166052332097	-0.0126196917143832
0.878342077715455	0.121657922284545	121.490960391123	0	0.000964436448244088	3.76994891531373e-05	0.0120524060270454	-0.000353065780724084	-0.0123505362170335
0.875796466935961	0.124203533064039	124.033077604496	0	0.000954058970800711	3.59850191553455e-05	0.0118025935294887	-0.000350929655508307	-0.0120891511184654
0.873228439574594	0.126771560425406	126.597580635490	0	0.000939830440045181	3.37146207394433e-05	0.0115622561164252	-0.000348765013639109	-0.0118357701891771
0.870638152035239	0.129361847964761	129.184313294867	0	0.000919433924179510	3.08419432986402e-05	0.0113313420073725	-0.000346575052835463	-0.0115901288516558
0.868025761942871	0.131974238057129	131.793118173975	0	0.000895209275169202	2.82288058452280e-05	0.0111092757100117	-0.000344359969011829	-0.0113521882174101
0.865391428133783	0.134608571866217	134.423836654506	0	0.000870739964872453	2.66330688086983e-05	0.0108950425666438	-0.000342126754853943	-0.0111216717163193
0.862735310645790	0.137264689354210	137.076308918278	0	0.000847398236904204	2.57366257484844e-05	0.0106883149059521	-0.000339886783851428	-0.0108980092294733
0.860057570708376	0.139942429291624	139.750373957078	0	0.000825919525419127	2.51270584777674e-05	0.0104890008206183	-0.000337658258457627	-0.0106807745298028
0.857358370732808	0.142641629267192	142.445869582529	0	0.000806377085580453	2.52710337088113e-05	0.0102963551909348	-0.000335450037503964	-0.0104700227947692
0.854637874302212	0.145362125697788	145.162632436005	0	0.000787309351611387	2.63783945368617e-05	0.0101093011437458	-0.000333261424342254	-0.0102658816901646
0.851896246161607	0.148103753838393	147.900497998581	0	0.000767830344480022	2.71964580046476e-05	0.00992720218540781	-0.000331085186131472	-0.0100676749341075
0.849133652207900	0.150866347792100	150.659300601025	0	0.000748947316851537	2.64406671834745e-05	0.00975038592661660	-0.000328912880301064	-0.00987467799683673
0.846350259479846	0.153649740520154	153.438873433825	0	0.000730704238661445	2.46654140857349e-05	0.00957922651582240	-0.000326737779714737	-0.00968711825910773
0.843546236147967	0.156453763852033	156.239048557253	0	0.000711798853390197	2.30815384032165e-05	0.00941373412987073	-0.000324553664968720	-0.00950544671388259
0.840721751504436	0.159278248495564	159.059656911470	0	0.000692552776971230	2.16376226253690e-05	0.00925367270675370	-0.000322360996411990	-0.00932953290789020
0.837876975952927	0.162123024047073	161.900528326664	0	0.000672737177349753	1.96250005904053e-05	0.00909869791204218	-0.000320167201646089	-0.00915851516973184
0.835012080998426	0.164987919001574	164.761491533219	0	0.000651233086780945	1.71715269353908e-05	0.00894886861723089	-0.000317985427127872	-0.00899214782432191
0.832127239237012	0.167872760762988	167.642374171925	0	0.000627903609552196	1.52488819746261e-05	0.00880409808091282	-0.000315829978902759	-0.00883062777528958
0.829222624345595	0.170777375654405	170.543002804225	0	0.000604488913407619	1.46377205451353e-05	0.00866364903037190	-0.000313711209887100	-0.00867388464996983
0.826298411071630	0.173701588928370	173.463202922484	0	0.000583720644860569	1.52983888102119e-05	0.00852676760793491	-0.000311633008604592	-0.00852201023517827
0.823354775222793	0.176645224777207	176.402798960303	0	0.000564884086112161	1.65180928824881e-05	0.00839332077166554	-0.000309596233408585	-0.00837445372698167
0.820391893656623	0.179608106343377	179.361614302860	0	0.000544881125319425	1.74877596810202e-05	0.00826388711195753	-0.000307604426791819	-0.00823083546521922
0.817409944270136	0.182590055729864	182.339471297283	0	0.000524107773938556	1.76145759769075e-05	0.00813882415203096	-0.000305670524739964	-0.00809095232760044
0.814409105989404	0.185590894010596	185.336191263056	0	0.000505565835038405	1.66656385242079e-05	0.00801780278769343	-0.000303811383669484	-0.00795436841417912
0.811389558759105	0.188610441240895	188.351594502455	0	0.000489320366283200	1.51767415304543e-05	0.00790026446044715	-0.000302044636429466	-0.00782082965302454
0.808351483532041	0.191648516467959	191.385500311016	0	0.000472686374870458	1.41335613603879e-05	0.00778604268929952	-0.000300379062028606	-0.00769077176679535
0.805295062258629	0.194704937741371	194.437726988028	0	0.000453568931707264	1.37437682876000e-05	0.00767478869974190	-0.000298820200820098	-0.00756460848721494
0.802220477876358	0.197779522123642	197.508091847062	0	0.000432557463241823	1.34173124184244e-05	0.00756588671711310	-0.000297365678864056	-0.00744173070708696
0.799127914299221	0.200872085700779	200.596411226529	0	0.000411386438705283	1.28897790433985e-05	0.00745884381579566	-0.000296001168302086	-0.00732184109014693
0.796017556407118	0.203982443592882	203.702500500254	0	0.000391869364663600	1.22370847905218e-05	0.00735375475342960	-0.000294713903967660	-0.00720498151554160
0.792889590035230	0.207110409964770	206.826174088095	0	0.000376262238292838	1.13240042462255e-05	0.00725084607183625	-0.000293501445500753	-0.00709100373167978
0.789744201963366	0.210255798036634	209.967245466576	0	0.000365282180864868	1.01410787427762e-05	0.00714955949589459	-0.000292367952728046	-0.00697946390192348
0.786581579905283	0.213418420094717	213.125527179558	0	0.000357487570808492	9.10265917989617e-06	0.00704921502145886	-0.000291308935939501	-0.00687064393376466
0.783401912497981	0.216598087502019	216.300830848924	0	0.000351269012631345	8.42092762927273e-06	0.00694974971701721	-0.000290313610930901	-0.00676465490323897
0.780205389290971	0.219794610709029	219.492967185297	0	0.000344935727982402	8.06178886557395e-06	0.00685162063222091	-0.000289365533264762	-0.00666115660481428
0.776992200735514	0.223007799264486	222.701745998790	0	0.000337198838957388	8.06542580601203e-06	0.00675537989869849	-0.000288444157106597	-0.00656043502753121
0.773762538173847	0.226237461826153	225.926976209762	0	0.000329086147315993	8.09252539025827e-06	0.00666104364368364	-0.000287529619493309	-0.00646260842500838
0.770516593828366	0.229483406171634	229.168465859620	0	0.000320626830537271	7.60603062687948e-06	0.00656845108960817	-0.000286601827472440	-0.00636723139337464
0.767254560790802	0.232745439209198	232.426022121631	0	0.000312064392239007	6.50849779952533e-06	0.00647763270115943	-0.000285651534803716	-0.00627390835880646
0.763976633011366	0.236023366988634	235.699451311758	0	0.000305956803812476	5.18405167921963e-06	0.00638886091976314	-0.000284674223277571	-0.00618267324337501
0.760683005287870	0.239316994712130	238.988558899527	0	0.000302289749262336	4.25141376617031e-06	0.00630240806890406	-0.000283674620814112	-0.00609349175734329
0.757373873254824	0.242626126745176	242.293149518915	0	0.000298383513387161	4.16474066406017e-06	0.00621893224844653	-0.000282668259815949	-0.00600657939976894
0.754049433372521	0.245950566627479	245.613026979249	0	0.000291625761726063	4.84912073497739e-06	0.00613881171696106	-0.000281682921935705	-0.00592218379149570
0.750709882916086	0.249290117083914	248.947994276142	0	0.000281281795564842	5.82430822653763e-06	0.00606178433741126	-0.000280743182911936	-0.00584004887158610
0.747355419964512	0.252644580035488	252.297853602442	0	0.000269634183342515	6.65336086779318e-06	0.00598720979729257	-0.000279861147735908	-0.00575957234127638
0.743986243389676	0.256013756610324	255.662406359202	0	0.000259746275351733	7.05993398336920e-06	0.00591405816539696	-0.000279032213453304	-0.00568015294020426
0.740602552845327	0.259397447154673	259.041453166674	0	0.000252741077865242	7.04921805665281e-06	0.00584144856534305	-0.000278241920087799	-0.00560186271054936
0.737204548756065	0.262795451243935	262.434793875320	0	0.000247632522260965	6.97901079906285e-06	0.00576889427128774	-0.000277475595462838	-0.00552538360031105
0.733792432306285	0.266207567693715	265.842227576847	0	0.000243524383149553	6.95389043889285e-06	0.00569628771787301	-0.000276720195043105	-0.00545079891661355
0.730366405429121	0.269633594570879	269.263552615252	0	0.000239907482724105	6.64097694514516e-06	0.00562404328764487	-0.000275964858160423	-0.00537764410319139
0.726926670795350	0.273073329204650	272.698566597901	0	0.000235682653086278	5.99031552989930e-06	0.00555274279547929	-0.000275209019612423	-0.00530580531646471
0.723473431802295	0.276526568197705	276.147066406612	0	0.000230371745929731	5.38785294901169e-06	0.00548284422711827	-0.000274459894612726	-0.00523560164307328
0.720006892562701	0.279993107437299	279.608848208760	0	0.000225443817141227	4.92620509181595e-06	0.00541459582526744	-0.000273730210100249	-0.00516696620918471
0.716527257893592	0.283472742106408	283.083707468410	0	0.000222464236464165	4.25541032493058e-06	0.00534823717678133	-0.000273036323190366	-0.00509945522431820
0.713034733305116	0.286965266694884	286.571438957455	0	0.000221284619919049	3.54322186175054e-06	0.00528390261298085	-0.000272397650102234	-0.00503293855069691
0.709529524989368	0.290470475010632	290.071836766774	0	0.000219124602904097	3.52814882641071e-06	0.00522146291020488	-0.000271826678343573	-0.00496786612640264
0.706011839809202	0.293988160190798	293.584694317411	0	0.000213490891674323	4.07218245729213e-06	0.00516063497413728	-0.000271325810132207	-0.00490436424586404
0.702481885287018	0.297518114712982	297.109804371765	0	0.000206289767714426	4.22302063722174e-06	0.00510093438557067	-0.000270892754363575	-0.00484188252157575
0.698939869593541	0.301060130406459	300.646959044804	0	0.000199963234344989	3.72904806310489e-06	0.00504218469699099	-0.000270526498241163	-0.00478052335636388
0.695386001536580	0.304613998463420	304.195949815283	0	0.000194778737427326	3.02938722689141e-06	0.00498423289187160	-0.000270228991891349	-0.00472051975630129
0.691820490549772	0.308179509450228	307.756567536990	0	0.000191563748261541	2.28773687726202e-06	0.00492670663071063	-0.000270000885289534	-0.00466173113369495
0.688243546681314	0.311756453318686	311.328602449995	0	0.000191528921252293	1.53826772564023e-06	0.00486942581610072	-0.000269845620691443	-0.00460401757087767
0.684655380582674	0.315344619417326	314.911844191927	0	0.000193058094665987	1.29943922033724e-06	0.00481228063560083	-0.000269766092191438	-0.00454774018720969
0.681056203497295	0.318943796502705	318.506081809250	0	0.000193550574889528	2.07121575555459e-06	0.00475502199192644	-0.000269762029146656	-0.00449299074059372
0.677446227249278	0.322553772750722	322.111103768567	0	0.000193013361354085	3.53669920583381e-06	0.00469747832235657	-0.000269825658534361	-0.00443928255181058
0.673825664232057	0.326174335767943	325.726697967932	0	0.000192526897458386	5.05088021177113e-06	0.00463992620767072	-0.000269948591411564	-0.00438616465982687
0.670194727397058	0.329805272602942	329.352651748170	0	0.000191689179870091	6.48444293451330e-06	0.00458294430465794	-0.000270122071482536	-0.00433380483765838
0.666553630242341	0.333446369757659	332.988751904223	0	0.000190097732501878	7.63255901860460e-06	0.00452698419077090	-0.000270339571052696	-0.00428247756039486
0.662902586801238	0.337097413198762	336.634784696497	0	0.000189642207896628	7.64392145389466e-06	0.00447189387132655	-0.000270599116478773	-0.00423172018737682
0.659241811630970	0.340758188369030	340.290535862225	0	0.000192724225901888	6.37821187036656e-06	0.00441753136546252	-0.000270901639911488	-0.00418116550189185
0.655571519801254	0.344428480198746	343.955790626851	0	0.000198434488448498	5.18666892747289e-06	0.00436398012034350	-0.000271248373666227	-0.00413141159590152
0.651891926882905	0.348108073117095	347.630333715405	0	0.000202484658363808	5.18357516465297e-06	0.00431136358219469	-0.000271637075792820	-0.00408283778381873
0.648203248936409	0.351796751063591	351.313949363922	0	0.000203172269671091	5.98438994338096e-06	0.00425961414115113	-0.000272055910497717	-0.00403494777837876
0.644505702500508	0.355494297499492	355.006421330834	0	0.000202906437696668	6.63268358665634e-06	0.00420847934391615	-0.000272486966834409	-0.00398745279815190
0.640799504580753	0.359200495419247	358.707532908405	0	0.000203846672050618	6.84708435130948e-06	0.00415754543899575	-0.000272912172271639	-0.00394054345448514
0.637084872638058	0.362915127361942	362.417066934163	0	0.000206374191740817	6.97594126708000e-06	0.00410630326584449	-0.000273314392523436	-0.00389463938026207
0.633362024577238	0.366637975422762	366.134805802343	0	0.000210396773204268	6.83368665766298e-06	0.00405481203899725	-0.000273680993808748	-0.00384938673034508
0.629631178735543	0.370368821264457	369.860531475338	0	0.000215725114969364	5.85736084296577e-06	0.00400388129647008	-0.000274012045062242	-0.00380407985806530
0.625892553871169	0.374107446128831	373.594025495173	0	0.000220183183967777	4.38813497623380e-06	0.00395431907748383	-0.000274313106533056	-0.00375917187368959
0.622146369151775	0.377853630848225	377.335068994973	0	0.000221869298987777	3.22367113887511e-06	0.00390674289164302	-0.000274598350881409	-0.00371514853892191
0.618392844142982	0.381607155857018	381.083442710445	0	0.000221554369323551	2.66329384026131e-06	0.00386162721435221	-0.000274886644319414	-0.00367182818834225
0.614632198796856	0.385367801203144	384.838926991384	0	0.000219438412633068	2.64116195101836e-06	0.00381908881332907	-0.000275199545465648	-0.00362913892889827
0.610864653440400	0.389135346559600	388.601301813160	0	0.000215070882379153	2.83773326107908e-06	0.00377881026000807	-0.000275553287721441	-0.00358707388467902
0.607090428764018	0.392909571235982	392.370346788242	0	0.000210108920079600	2.86676574473421e-06	0.00374016057929139	-0.000275955987676919	-0.00354555180726872
0.603309745809984	0.396690254190016	396.145841177713	0	0.000206425114690059	2.78795319612933e-06	0.00370214886406678	-0.000276413300119336	-0.00350466390086587
0.599522825960891	0.400477174039109	399.927563902801	0	0.000204073787410639	2.91148600276453e-06	0.00366409363914084	-0.000276925256416215	-0.00346458183989029
0.595729890928107	0.404270109071893	403.715293556414	0	0.000201844860684703	3.31112412266791e-06	0.00362599436930044	-0.000277486745908475	-0.00342509552195347
0.591931162740206	0.408068837259794	407.508808414686	0	0.000198066991662128	4.05966212408460e-06	0.00358812479105411	-0.000278089967918927	-0.00338628992717773
0.588126863731402	0.411873136268598	411.307886448532	0	0.000192281501806980	5.03771299687787e-06	0.00355069278136957	-0.000278734809501145	-0.00334873162230026
0.584317216529976	0.415682783470024	415.112305335204	0	0.000186896954062544	5.28919935598642e-06	0.00351374463760325	-0.000279419259946794	-0.00331203849354487
0.580502444046688	0.419497555953312	418.921842469862	0	0.000185361698413076	4.04187828601709e-06	0.00347700486381550	-0.000280139583023842	-0.00327548368425534
0.576682769463188	0.423317230536812	422.736274977147	0	0.000187710215008699	1.98706315567020e-06	0.00344008367563873	-0.000280876581501426	-0.00323931977231844
0.572858416220421	0.427141583779579	426.555379722763	0	0.000191046003850125	2.01652054641949e-07	0.00340291464972351	-0.000281608302675757	-0.00320380443212330
0.569029608007019	0.430970391992981	430.378933325065	0	0.000193446876357217	-9.60219992331885e-07	0.00336581907628874	-0.000282310556403654	-0.00316859742048956
0.565196568747695	0.434803431252305	434.206712166652	0	0.000194061097448883	-1.35215586071958e-06	0.00332947395532295	-0.000282968940666213	-0.00313392680332201
0.561359522591622	0.438640477408378	438.038492405969	0	0.000192455769913025	-9.64407151029230e-07	0.00329445387125274	-0.000283578249099383	-0.00310002811313685
0.557518693900813	0.442481306099187	441.874049988917	0	0.000189013785277065	-2.37417158896728e-07	0.00326088856324805	-0.000284147996856759	-0.00306668647127007
0.553674307238495	0.446325692761505	445.713160660456	0	0.000184450028705846	5.22593366533475e-07	0.00322875713619951	-0.000284697076942776	-0.00303373174157629
0.549826587357469	0.450173412642531	449.555599976233	0	0.000179700107523369	1.55433480163598e-06	0.00319781670451592	-0.000285251561453792	-0.00300147920286219
0.545975759188475	0.454024240811525	453.401143314200	0	0.000176381269208593	2.96894111398498e-06	0.00316745566142182	-0.000285838264159141	-0.00297006630577514
0.542122047828549	0.457877952171451	457.249565886242	0	0.000175660370080526	4.29183704751571e-06	0.00313696948407813	-0.000286473971145388	-0.00293951865855187
0.538265678529370	0.461734321470630	461.100642749813	0	0.000176474601315504	4.87430014612199e-06	0.00310567255065896	-0.000287165684963103	-0.00290956978444178
0.534406876685606	0.465593123314394	464.954148819573	0	0.000178031299101820	4.35371886453719e-06	0.00307308517976888	-0.000287905619101422	-0.00288000113719567
0.530545867823260	0.469454132176740	468.809858879030	0	0.000181377294052051	2.86198320968793e-06	0.00303919380195505	-0.000288674717837953	-0.00285066516914256
0.526682877588002	0.473317122411998	472.667547592185	0	0.000185685484924900	9.67163582359350e-07	0.00300434919265947	-0.000289447454575193	-0.00282161584880744
0.522818131733503	0.477181868266497	476.526989515190	0	0.000190019579116442	-4.97643838066706e-07	0.00296899214694753	-0.000290202421001316	-0.00279274140808803
0.518951856109769	0.481048143890231	480.387959107993	0	0.000195806884265620	-8.13627876416215e-07	0.00293354406764202	-0.000290924241575061	-0.00276418681518971
0.515084276651456	0.484915723348544	484.250230746008	0	0.000202609048875912	-1.41011142041989e-08	0.00289834199051097	-0.000291610120811906	-0.00273592267576150
0.511215619366204	0.488784380633796	488.113578731765	0	0.000208216881389457	1.24137736609018e-06	0.00286373603361460	-0.000292266047766922	-0.00270789673598037
0.507346110322946	0.492653889677054	491.977777306586	0	0.000211811328435117	2.24651504462702e-06	0.00283018282239191	-0.000292905077873175	-0.00268028336107788
0.503475975640227	0.496524024359773	495.842600662247	0	0.000214161638434816	2.59346381593691e-06	0.00279794330540136	-0.000293545468203737	-0.00265315388915889
0.499605441474518	0.500394558525482	499.707822952652	0	0.000216020741091487	2.26071533360366e-06	0.00276693282893303	-0.000294198902105971	-0.00262655641227980
0.495734734008523	0.504265265991477	503.573218305509	0	0.000218043159361204	1.26354806405334e-06	0.00273690799150010	-0.000294874151857630	-0.00260012208020632
0.491864079439485	0.508135920560515	507.438560834003	0	0.000221019369149493	-1.19748675972583e-07	0.00270747749325443	-0.000295573280032468	-0.00257373332824584
0.487993703967496	0.512006296032504	511.303624648478	0	0.000224286921519155	-1.19103670807801e-06	0.00267815677749694	-0.000296298376777285	-0.00254762512721187
0.484123833783795	0.515876166216205	515.168183868116	0	0.000226612281774318	-1.73734470844468e-06	0.00264868821651868	-0.000297044191243047	-0.00252174413505153
0.480254695059071	0.519745304940929	519.032012632624	0	0.000229089167272900	-2.02319814674737e-06	0.00261913908013139	-0.000297806329663841	-0.00249599672092933
0.476386513931761	0.523613486068239	522.894885113912	0	0.000233010340968869	-1.94861244441968e-06	0.00258961651298741	-0.000298578722293305	-0.00247074310208620
0.472519516496348	0.527480483503652	526.756575527788	0	0.000237045398698803	-1.34326351283284e-06	0.00256003762524276	-0.000299365174744552	-0.00244596207586664
0.468653928791660	0.531346071208340	530.616858145638	0	0.000239900990807491	-4.39913773436039e-07	0.00253013863639896	-0.000300162701268072	-0.00242123887104751
0.464789976789160	0.535210023210840	534.475507306117	0	0.000242341197390262	3.62447149999289e-07	0.00249970853881012	-0.000300963787758640	-0.00239662342653269
0.460927886381244	0.539072113618756	538.332297426843	0	0.000246194758657969	6.62302756169253e-07	0.00246896350964360	-0.000301753046255826	-0.00237217893890505
0.457067883369534	0.542932116630466	542.187003016080	0	0.000252025971877038	3.21335130729705e-07	0.00243826850023237	-0.000302516022624563	-0.00234778061302954
0.453210193453172	0.546789806546828	546.039398684435	0	0.000257940430984053	-3.23832262446203e-07	0.00240781780126718	-0.000303243105384116	-0.00232352255778929
0.449355042217111	0.550644957782889	549.889259156543	0	0.000262575709346554	-9.41240468703006e-07	0.00237760987992331	-0.000303929912191356	-0.00229946093176185
0.445502655120408	0.554497344879592	553.736359282765	0	0.000267304704302972	-1.44881863221024e-06	0.00234757450956795	-0.000304572528750525	-0.00227540579666549
0.441653257484521	0.558346742515479	557.580474050872	0	0.000273163419877350	-1.57837226703153e-06	0.00231755919715765	-0.000305171192188462	-0.00225158100093330
0.437807074481598	0.562192925518402	561.421378597739	0	0.000279134428613268	-9.22070946763673e-07	0.00228742531096642	-0.000305722930981480	-0.00222830871786053
0.433964331122771	0.566035668877229	565.258848221038	0	0.000283960296110781	5.60667178144089e-07	0.00225732841402269	-0.000306224046993630	-0.00220571746676645
0.430125252246457	0.569874747753543	569.092658390915	0	0.000287544347392786	2.41412444054404e-06	0.00222758336195654	-0.000306669933405689	-0.00218366087270693
0.426290062506648	0.573709937493352	572.922584761693	0	0.000290441514990082	4.02655696267260e-06	0.00219863245026970	-0.000307062002176948	-0.00216174231514053
0.422458986361208	0.577541013638792	576.748403183549	0	0.000293344268260952	5.12681097770670e-06	0.00217084175340100	-0.000307412859905590	-0.00213991048723305
0.418632248060179	0.581367751939821	580.569889714202	0	0.000296320783721108	5.86904616606042e-06	0.00214417505217091	-0.000307740747475599	-0.00211838552059380
0.414810071634071	0.585189928365929	584.386820630596	0	0.000298434947289392	6.55342586931132e-06	0.00211839585920218	-0.000308067350416012	-0.00209716423568205
0.410992680882176	0.589007319117824	588.198972440580	0	0.000299557906053373	7.35950406739078e-06	0.00209333418255324	-0.000308411240692867	-0.00207623875987295
0.407180299360863	0.592819700639137	592.006121894591	0	0.000300921165319497	8.12385280489296e-06	0.00206889712804149	-0.000308790219104420	-0.00205555362469508
0.403373150371893	0.596626849628107	595.808045997324	0	0.000303235929325455	8.41147578161170e-06	0.00204491540361132	-0.000309214666586351	-0.00203494956440315
0.399571456950723	0.600428543049277	599.604522019414	0	0.000305915005731220	7.85901457584383e-06	0.00202108385544638	-0.000309683394212047	-0.00201430136853120
0.395775441854823	0.604224558145177	603.395327509100	0	0.000308539270428042	6.42604334289326e-06	0.00199713945757927	-0.000310183754878840	-0.00199362556559305
0.391985327551991	0.608014672448009	607.180240303897	0	0.000311718101766303	4.48724046201052e-06	0.00197294136560377	-0.000310697384829143	-0.00197296592083666
0.388201336208670	0.611798663791330	610.959038542260	0	0.000315650608896152	2.77412479839494e-06	0.00194841298675840	-0.000311203979017699	-0.00195238866877645
0.384423689678278	0.615576310321722	614.731500675241	0	0.000319576430171869	1.96206137782602e-06	0.00192374221085691	-0.000311685339963377	-0.00193222415586364
0.380652609489528	0.619347390510472	618.497405478149	0	0.000322823518935553	2.20666393671575e-06	0.00189934023341522	-0.000312129848794463	-0.00191261342056621
0.376888316834764	0.623111683165236	622.256532062202	0	0.000324681784790689	3.27497615100736e-06	0.00187559472846670	-0.000312532812545373	-0.00189353061786130
0.373131032558295	0.626868967441705	626.008659886176	0	0.000324925816544035	4.72309411117961e-06	0.00185268043287503	-0.000312891788248882	-0.00187491388429341
0.369380977144738	0.630619022855262	629.753568768044	0	0.000325064827487981	5.93888946013284e-06	0.00183043214443399	-0.000313207910949916	-0.00185653543111189
0.365638370707360	0.634361629292640	633.491038896619	0	0.000326685596569575	6.65549825531776e-06	0.00180844387248219	-0.000313476805948867	-0.00183827564647523
0.361903432976434	0.638096567023566	637.220850843185	0	0.000329166871621419	7.05723278970531e-06	0.00178648807836398	-0.000313695826868130	-0.00182026620696928
0.358176383287593	0.641823616712407	640.942785573121	0	0.000331416408534070	7.33656126038893e-06	0.00176456422765992	-0.000313862675628653	-0.00180245991878473
0.354457440570193	0.645542559429807	644.656624457528	0	0.000333335892970908	7.66068482949509e-06	0.00174267439498243	-0.000313977425956077	-0.00178484106492605
0.350746823335682	0.649253176664318	648.362149284840	0	0.000334880332962101	7.97875994977493e-06	0.00172089503736595	-0.000314045839838212	-0.00176747106829661
0.347044749665977	0.652955250334023	652.059142272434	0	0.000336334499989430	7.80680393533123e-06	0.00169930068812544	-0.000314072300726248	-0.00175031607420288
0.343351437201842	0.656648562798158	655.747386078232	0	0.000338916371833380	6.89958142459631e-06	0.00167783611886576	-0.000314058199690471	-0.00173337798319984
0.339667103131283	0.660332896868717	659.426663812295	0	0.000343144085821739	5.76211168935078e-06	0.00165640112502161	-0.000314000831156301	-0.00171681218858424
0.335991964177940	0.664008035822060	663.096759048413	0	0.000348014067821448	5.02195535858307e-06	0.00163485488267957	-0.000313898894082098	-0.00170066380798089
0.332326236589492	0.667673763410508	666.757455835681	0	0.000352657828012802	4.71485051254144e-06	0.00161307823770405	-0.000313754294818760	-0.00168485444835413
0.328670136126073	0.671329863873927	670.408538710073	0	0.000357084481982519	4.44818422039640e-06	0.00159104622832218	-0.000313567914656114	-0.00166920809849765
0.325023878048688	0.674976121951312	674.049792706005	0	0.000361656318757720	4.00629184256554e-06	0.00156879158529034	-0.000313338937440773	-0.00165351710379944
0.321387677107645	0.678612322892355	677.681003367890	0	0.000366334105693104	3.61692283252161e-06	0.00154637730684718	-0.000313063792628136	-0.00163790345816049
0.317761747530993	0.682238252469007	681.301956761683	0	0.000370883481605972	3.58366866946020e-06	0.00152390700054443	-0.000312743882444357	-0.00162268209766983
0.314146303012970	0.685853696987030	684.912439486418	0	0.000375895564834580	3.83777653560899e-06	0.00150150687226097	-0.000312385138122463	-0.00160790215808115
0.310541556702459	0.689458443297541	688.512238685734	0	0.000381887972627594	4.11646758999803e-06	0.00147927987543422	-0.000311997697203018	-0.00159342353877645
0.306947721191458	0.693052278808542	692.101142059392	0	0.000387909817349041	4.37617324475750e-06	0.00145720358790071	-0.000311589798180098	-0.00157922199469520
0.303365008503555	0.696634991496445	695.678937874783	0	0.000392945402767195	4.73049620112282e-06	0.00143517671943221	-0.000311159816479172	-0.00156531032290220
0.299793630082419	0.700206369917581	699.245414978420	0	0.000397259390907535	5.12945786298549e-06	0.00141321959397894	-0.000310697703019467	-0.00155161348993396
0.296233796780298	0.703766203219702	702.800362807428	0	0.000401669378602421	5.32518348742663e-06	0.00139155655593153	-0.000310196192875179	-0.00153793674768614
0.292685718846532	0.707314281153468	706.343571401008	0	0.000406898615751812	5.19037447496771e-06	0.00137042520401946	-0.000309656859973357	-0.00152424735048412
0.289149605916075	0.710850394083925	709.874831411909	0	0.000413076003871263	4.85617078093624e-06	0.00134990161067536	-0.000309090428108304	-0.00151073861919121
0.285625666998030	0.714374333001970	713.393934117869	0	0.000419516713526668	4.39105785493680e-06	0.00132990687825115	-0.000308512574718747	-0.00149749807643407
0.282114110464196	0.717885889535804	716.900671433055	0	0.000425247102408849	3.71894810138181e-06	0.00131031387707247	-0.000307940319273798	-0.00148446826508363
0.278615144037633	0.721384855962367	720.394835919484	0	0.000429805553577335	2.99261070973159e-06	0.00129106670486315	-0.000307396124610162	-0.00147182044980815
0.275128974781231	0.724871025218769	723.876220798437	0	0.000433611572957905	2.60976588035487e-06	0.00127218600323728	-0.000306905913323996	-0.00145976029952648
0.271655809086303	0.728344190913697	727.344619961850	0	0.000437510174492295	2.73786770612596e-06	0.00125367833436535	-0.000306495211606296	-0.00144819835650901
0.268195852661185	0.731804147338815	730.799827983699	0	0.000442226294438616	3.19470662319110e-06	0.00123551513525387	-0.000306182179130724	-0.00143677370200910
0.264749310519851	0.735250689480149	734.241640131368	0	0.000447557603858928	3.88124630745598e-06	0.00121763640896540	-0.000305976120902116	-0.00142535738686530
0.261316386970551	0.738683613029449	737.669852376998	0	0.000452292627581788	4.87441302550103e-06	0.00120001380698884	-0.000305878563296640	-0.00141408313334084
0.257897285604454	0.742102714395546	741.084261408826	0	0.000455711464931552	6.13453897789105e-06	0.00118272809929214	-0.000305885238095275	-0.00140296697903455
0.254492209284309	0.745507790715691	744.484664642509	0	0.000458248932283607	7.55143422021320e-06	0.00116578568828503	-0.000305985117063289	-0.00139200657738689
0.251101360133135	0.748898639866865	747.870860232419	0	0.000460809594410234	9.00556893580471e-06	0.00114900889381167	-0.000306162933925218	-0.00138122114729269
0.247724939522905	0.752275060477095	751.242647082944	0	0.000464315757521250	1.02028814472387e-05	0.00113215216240560	-0.000306397042202643	-0.00137050119862888
0.244363148063271	0.755636851936729	754.599824859746	0	0.000469338391367115	1.08081381787618e-05	0.00111506075698899	-0.000306660320393225	-0.00135967516900599
0.241016185590289	0.758983814409711	757.942194001022	0	0.000475467516788773	1.07423741229346e-05	0.00109776360238960	-0.000306919855396185	-0.00134876060717827
0.237684251155170	0.762315748844830	761.269555728737	0	0.000481702677236380	1.01518797704643e-05	0.00108043415412357	-0.000307145638943422	-0.00133789630408212
0.234367543013051	0.765632456986949	764.581712059836	0	0.000487649066487580	9.22240161243966e-06	0.00106326312296403	-0.000307314775168465	-0.00132715521874677
0.231066258611781	0.768933741388219	767.878465817445	0	0.000493414152073390	8.18168183476440e-06	0.00104642187078597	-0.000307415589844516	-0.00131657414898149
0.227780594580726	0.772219405419274	771.159620642051	0	0.000498913494351574	7.30526106183488e-06	0.00103002511934714	-0.000307444716655301	-0.00130626732741391
0.224510746719602	0.775489253280398	774.424981002650	0	0.000504112115529263	6.71202547225381e-06	0.00101409642905671	-0.000307403427572952	-0.00129623877078526
0.221256909987317	0.778743090012683	777.674352207894	0	0.000509156186233883	6.25234385418455e-06	0.000998663657339213	-0.000307295502078637	-0.00128632544947580
0.218019278490844	0.781980721509156	780.907540417200	0	0.000513820020959509	5.69404517877339e-06	0.000983832126163649	-0.000307126711545962	-0.00127638126012141
0.214798045474110	0.785201954525890	784.124352651847	0	0.000517534481918289	4.93720601072270e-06	0.000969734866376041	-0.000306905676546046	-0.00126635844199997
0.211593403306909	0.788406596693091	787.324596806046	0	0.000520245627581990	4.03671777182211e-06	0.000956455512109549	-0.000306643025451092	-0.00125634437167533
0.208405543473838	0.791594456526162	790.508081657992	0	0.000522508405654869	3.14789610484032e-06	0.000943977464315891	-0.000306347816112633	-0.00124649300425317
0.205234656563255	0.794765343436745	793.674616880888	0	0.000524547955931877	2.49172208945008e-06	0.000932172922402042	-0.000306027372044433	-0.00123694368313315
0.202080932256261	0.797919067743739	796.824013053949	0	0.000526006013263455	2.27200744078305e-06	0.000920879759786424	-0.000305686590565757	-0.00122777567705291
0.198944559315707	0.801055440684293	799.956081673381	0	0.000526675191942800	2.58057257737956e-06	0.000909945216940065	-0.000305330348503827	-0.00121901836233931
0.195825725575225	0.804174274424775	803.070635163331	0	0.000526959920903407	3.35561915094797e-06	0.000899221531835567	-0.000304967361273944	-0.00121061424964041
0.192724617928286	0.807275382071714	806.167486886819	0	0.000527429655537640	4.39702742921869e-06	0.000888632735512147	-0.000304610844064389	-0.00120249052229358
0.189641422317281	0.810358577682719	809.246451156639	0	0.000528230498782924	5.49198333822105e-06	0.000878205557678782	-0.000304275818382375	-0.00119460199531938
0.186576323722628	0.813423676277372	812.307343246239	0	0.000529004054847909	6.50917548713111e-06	0.000868002053137214	-0.000303975862925525	-0.00118696103025422
0.183529506151914	0.816470493848086	815.349979400560	0	0.000529468146437617	7.31419316332388e-06	0.000858034905145740	-0.000303717690450934	-0.00117951619822759
0.180501152629053	0.819498847370947	818.374176846869	0	0.000529880267636734	7.78588686062457e-06	0.000848238790436284	-0.000303498933223740	-0.00117214770174412
0.177491445183478	0.822508554816522	821.379753805549	0	0.000530573161618082	7.93783466385154e-06	0.000838517833901002	-0.000303307886297777	-0.00116479908328443
0.174500564839367	0.825499435160633	824.366529500855	0	0.000531724318191656	7.85940689481459e-06	0.000828808515575304	-0.000303128594488616	-0.00115744929970464
0.171528691604886	0.828471308395114	827.334324171664	0	0.000533520464769858	7.66041167904308e-06	0.000819069248455712	-0.000302943667315750	-0.00115007910611544
0.168576004461474	0.831423995538526	830.282959082169	0	0.000535911717821687	7.52097955944121e-06	0.000809239491056306	-0.000302735667157195	-0.00114272947465553
0.165642681353152	0.834357318646848	833.212256532556	0	0.000538435465525921	7.61011807032700e-06	0.000799243091701286	-0.000302488112486572	-0.00113546905976407
0.162728899175862	0.837271100824138	836.122039869654	0	0.000540586760787712	7.92394967476541e-06	0.000789042763997489	-0.000302188523154347	-0.00112833978612016
0.159834833766845	0.840165166233155	839.012133497538	0	0.000542387095040839	8.29576184248538e-06	0.000778684870609320	-0.000301829548517572	-0.00112137358611233
0.156960659894045	0.843039340105955	841.882362888114	0	0.000544301403148310	8.54112184320507e-06	0.000768257230816057	-0.000301410508713612	-0.00111461271247480
0.154106551245546	0.845893448754454	844.732554591666	0	0.000546780846734307	8.54296709313426e-06	0.000757837671064387	-0.000300935408726757	-0.00110805734426869
0.151272680419049	0.848727319580951	847.562536247363	0	0.000549902571620385	8.32519315974270e-06	0.000747487020420530	-0.000300410429091131	-0.00110167907195701
0.148459218911375	0.851540781088625	850.372136593745	0	0.000553064742444430	8.08576445134725e-06	0.000737244234312540	-0.000299843869259795	-0.00109554658672296
0.145666337108011	0.854333662891989	853.161185479160	0	0.000555466290393212	8.00609613373512e-06	0.000727144213654004	-0.000299246003964529	-0.00108974620227868
0.142894204272683	0.857105795727317	855.929513872177	0	0.000557130601664099	8.09385890661606e-06	0.000717256093060108	-0.000298631739689552	-0.00108424140943930
0.140142988536976	0.859857011463024	858.676953871953	0	0.000558894688583122	8.30897533856408e-06	0.000707674557139814	-0.000298021930390170	-0.00107896457430392
0.137412856889981	0.862587143110019	861.403338718571	0	0.000561296623471420	8.67102946892295e-06	0.000698491365059562	-0.000297441994756564	-0.00107388474035812
0.134703975167984	0.865296024832016	864.108502803337	0	0.000563997454485798	9.17422131838477e-06	0.000689781431033134	-0.000296918934655154	-0.00106897592578075
0.132016508044196	0.867983491955804	866.792281679035	0	0.000566344748419103	9.71085688581832e-06	0.000681593887544058	-0.000296476972269251	-0.00106419955655867
0.129350619018518	0.870649380981482	869.454512070150	0	0.000568108551119785	1.01204296675519e-05	0.000673943178086912	-0.000296136907920344	-0.00105949427381505
0.126706470407344	0.873293529592656	872.095031883048	0	0.000569541131755040	1.03098616279945e-05	0.000666808260262514	-0.000295916777171724	-0.00105481128200170
0.124084223333413	0.875915776666587	874.713680216114	0	0.000570912014745550	1.02882046889845e-05	0.000660150987163942	-0.000295832634704468	-0.00105018978343460
0.121484037715691	0.878515962284309	877.310297369852	0	0.000572271163335200	1.00668271807352e-05	0.000653948262872369	-0.000295900212873845	-0.00104567075271824
0.118906072259304	0.881093927740696	879.884724856942	0	0.000573555170673794	9.64022319136158e-06	0.000648201927339278	-0.000296135910360791	-0.00104124199463921
0.116350484445512	0.883649515554488	882.436805412249	0	0.000574610213313290	9.09884408531436e-06	0.000642914014593142	-0.000296555627081382	-0.00103691878462325
0.113817430521716	0.886182569478284	884.966383002804	0	0.000575267710012347	8.65035777147231e-06	0.000638057779173834	-0.000297173547183888	-0.00103274930812567
0.111307065491528	0.888692934508472	887.473302837721	0	0.000575495376783079	8.49212674601121e-06	0.000633570619700116	-0.000297999873554497	-0.00102877588685373
0.108819543104865	0.891180456895135	889.957411378086	0	0.000575403242045845	8.65949603415550e-06	0.000629371733514337	-0.000299039740275433	-0.00102501573326021
0.106355015848106	0.893644984151894	892.418556346791	0	0.000575241991371915	8.98408520519557e-06	0.000625389475736303	-0.000300292172547209	-0.00102142849803571
0.103913634934285	0.896086365065715	894.856586738326	0	0.000575415793673873	9.22913192760720e-06	0.000621572903660323	-0.000301749969587393	-0.00101794862379746
0.101495550293332	0.898504449706668	897.271352828522	0	0.000576346852200154	9.26781773187721e-06	0.000617876390882845	-0.000303400682628047	-0.00101454115965305
0.0991009105623650	0.900899089437635	899.662706184249	0	0.000578238423383769	9.13704800299779e-06	0.000614234364437133	-0.000305228152247201	-0.00101120980690881
0.0967298630760300	0.903270136923970	902.030499673061	0	0.000580937088727409	8.96454842932217e-06	0.000610567235855015	-0.000307213547886376	-0.00100799714781919
0.0943825538568864	0.905617446143114	904.374587472799	0	0.000583991249889560	8.84497190918636e-06	0.000606817518621506	-0.000309336549206567	-0.00100495241580225
0.0920591276058468	0.907940872394153	906.694825081136	0	0.000586904781448728	8.77011047937155e-06	0.000602972593825986	-0.000311576952128403	-0.00100208049074423
0.0897597276926650	0.910240272307335	908.991069325077	0	0.000589454595224618	8.67734214614197e-06	0.000599057324079472	-0.000313916074787390	-0.000999364526922531
0.0874844961464766	0.912515503853523	911.263178370406	0	0.000591751688525237	8.54154764653961e-06	0.000595116344703226	-0.000316338049958253	-0.000996804104723725
0.0852335736463911	0.914766426353609	913.511011731079	0	0.000593991900430331	8.40401349609791e-06	0.000591198460169292	-0.000318830347022961	-0.000994411790625634
0.0830070995121384	0.916992900487862	915.734430278568	0	0.000596246501924560	8.32076315704217e-06	0.000587338012902864	-0.000321383434947062	-0.000992187131010645
0.0808052116947669	0.919194788305233	917.933296251145	0	0.000598583543740879	8.29261118436401e-06	0.000583540557986659	-0.000323989251041060	-0.000990090398919577
0.0786280467673990	0.921371953232601	920.107473263121	0	0.000601256214563838	8.26334521054150e-06	0.000579785361812274	-0.000326638989441144	-0.000988061559614704
0.0764757399160395	0.923524260083961	922.256826314018	0	0.000604556502905135	8.20004290377649e-06	0.000576038347134546	-0.000329321735009396	-0.000986070071789646
0.0743484249304427	0.925651575069557	924.381221797693	0	0.000608522680550873	8.15704779060361e-06	0.000572262134940311	-0.000332023974502690	-0.000984134891782323
0.0722462341950334	0.927753765804967	926.480527511404	0	0.000612896417884768	8.22539581189028e-06	0.000568422928684140	-0.000334730030226135	-0.000982288289326566
0.0701692986798893	0.929830701320111	928.554612664816	0	0.000617355932856621	8.42198109554022e-06	0.000564499427308883	-0.000337423165955859	-0.000980527796006786
0.0681177479317799	0.931882252068220	930.603347888947	0	0.000621713306882880	8.66599459999462e-06	0.000560492368029817	-0.000340086597711037	-0.000978825854613282
0.0660917100652639	0.933908289934736	932.626605245061	0	0.000625890557521487	8.86301253995296e-06	0.000556427512031891	-0.000342704116333832	-0.000977167642577787
0.0640913117538501	0.935908688246150	934.624258233496	0	0.000629832370738783	8.98632796307124e-06	0.000552347234798653	-0.000345260238701753	-0.000975562508151859
0.0621166782212164	0.937883321778784	936.596181802428	0	0.000633474078534341	9.08121176445874e-06	0.000548300079855797	-0.000347740059131588	-0.000974040928475990
0.0601679332324919	0.939832066767508	938.542252356582	0	0.000636763422995917	9.20334595834339e-06	0.000544337422632634	-0.000350129848321260	-0.000972634152779490
0.0582451990856020	0.941754800914398	940.462347765873	0	0.000639727537610170	9.35970176006169e-06	0.000540511227253828	-0.000352418147074959	-0.000971343104867601
0.0563485966026763	0.943651403397324	942.356347373987	0	0.000642503792964254	9.50557290114727e-06	0.000536869643323849	-0.000354596892372231	-0.000970143647574312
0.0544782451215212	0.945521754878479	944.224132006894	0	0.000645289314734334	9.57877604193916e-06	0.000533452256825690	-0.000356662169773787	-0.000969004325455476
0.0526342624871584	0.947365737512842	946.065583981302	0	0.000648244476625558	9.54150019792944e-06	0.000530283766970686	-0.000358614233868477	-0.000967899338714495
0.0508167650434277	0.949183234956572	947.880587113041	0	0.000651390137135063	9.41875716442382e-06	0.000527368469220413	-0.000360456732094895	-0.000966823848137404
0.0490258676246587	0.950974132375341	949.669026725377	0	0.000654579850342003	9.29799254883416e-06	0.000524693112952724	-0.000362195504542208	-0.000965800136806878
0.0472616835474092	0.952738316452591	951.430789657268	0	0.000657606031430795	9.27180501316179e-06	0.000522236004112743	-0.000363837356839259	-0.000964860846189767
0.0455243246022710	0.954475675397729	953.165764271542	0	0.000660345215707607	9.37189785923013e-06	0.000519973139644011	-0.000365389097136447	-0.000964026051382008
0.0438139010457482	0.956186098954252	954.873840463008	0	0.000662811100311571	9.55063278953662e-06	0.000517879638604794	-0.000366856811932404	-0.000963290775789216
0.0421305215922023	0.957869478407798	956.554909666505	0	0.000665114995335721	9.71137389122777e-06	0.000515929526648721	-0.000368245044923050	-0.000962627527404461
0.0404742934058703	0.959525706594130	958.208864864866	0	0.000667406618387289	9.74869059401493e-06	0.000514096668144416	-0.000369555911182405	-0.000961997821570061
0.0388453220929547	0.961154677907045	959.835600596822	0	0.000669820722251729	9.57496172707825e-06	0.000512357926890378	-0.000370788489905304	-0.000961363924111366
0.0372437116937855	0.962756288306215	961.435012964825	0	0.000672413072050532	9.14192642428444e-06	0.000510696951391814	-0.000371938840768890	-0.000960703470830593
0.0356695646750560	0.964330435324944	963.006999642807	0	0.000675105457275312	8.45965521379428e-06	0.000509105643367925	-0.000373000625664114	-0.000960019594929985
0.0341229819221338	0.965877018077866	964.551459883854	0	0.000677693892629517	7.59609931686848e-06	0.000507582313337010	-0.000373966026413673	-0.000959335621577872
0.0326040627314459	0.967395937268554	966.068294527812	0	0.000679937226618828	6.65114375461277e-06	0.000506128574311164	-0.000374826679163721	-0.000958679287404276
0.0311129048029407	0.968887095197059	967.557406008816	0	0.000681677270150642	5.72148953102820e-06	0.000504747811245613	-0.000375574577818902	-0.000958070216993494
0.0296496042326278	0.970350395767372	969.018698362736	0	0.000682911619869610	4.87681884222966e-06	0.000503445856284235	-0.000376202961936738	-0.000957516533205116
0.0282142555051929	0.971785744494807	970.452077234556	0	0.000683769705434944	4.15629295022912e-06	0.000502231878958514	-0.000376707142269294	-0.000957018617537438
0.0268069514866951	0.973193048513305	971.857449885666	0	0.000684416667776083	3.58023690920915e-06	0.000501117489913684	-0.000377085172375386	-0.000956575596833270
0.0254277834173406	0.974572216582659	973.234725201077	0	0.000684963689507154	3.16301139645605e-06	0.000500114248549079	-0.000377338257527066	-0.000956189696460295
0.0240768409043386	0.975923159095661	974.583813696555	0	0.000685440920370410	2.91528217748477e-06	0.000499231149654434	-0.000377470834785451	-0.000955865172939006
0.0227542119148381	0.977245788085162	975.904627525676	0	0.000685825178140926	2.83627889901495e-06	0.000498473131949678	-0.000377490303307369	-0.000955602420134337
0.0214599827689462	0.978540017231054	977.197080486797	0	0.000686079971644584	2.90805287746067e-06	0.000497840654155882	-0.000377406429553640	-0.000955394021807373
0.0201942381328298	0.979805761867170	978.461088029948	0	0.000686178495923052	3.10053992265329e-06	0.000497329995183069	-0.000377230570357571	-0.000955228198331961
0.0189570610119018	0.981042938988098	979.696567263630	0	0.000686109842476245	3.38212742218614e-06	0.000496933915067596	-0.000376974941852888	-0.000955095530232563
0.0177485327440904	0.982251467255910	980.903436961543	0	0.000685879776032762	3.72519613000662e-06	0.000496642380699478	-0.000376652103486633	-0.000954991769646616
0.0165687329931947	0.983431267006805	982.081617569216	0	0.000685508716469830	4.10531378989304e-06	0.000496443217738299	-0.000376274670807606	-0.000954915937007552
0.0154177397423275	0.984582260257673	983.231031210562	0	0.000685024707223740	4.50067668570974e-06	0.000496322721808633	-0.000375855151395117	-0.000954867699655028
0.0142956292874432	0.985704370712557	984.351601694331	0	0.000684455807925128	4.89474120848854e-06	0.000496266328628058	-0.000375405795499099	-0.000954846286726550
0.0132024762309563	0.986797523769044	985.443254520495	0	0.000683828745507531	5.27805344048877e-06	0.000496259407975793	-0.000374938430022064	-0.000954849913765615
0.0121383534754463	0.987861646524554	986.505916886523	0	0.000683171790641985	5.64590093634507e-06	0.000496288164975929	-0.000374464296587863	-0.000954874702998421
0.0111033322174536	0.988896667782546	987.539517693585	0	0.000682513671233043	5.99439586752043e-06	0.000496340513646364	-0.000373993895446159	-0.000954914345683417
0.0100974819413664	0.989902518058634	988.543987552651	0	0.000681876951198311	6.31936267340567e-06	0.000496406685103753	-0.000373536807647151	-0.000954961790737832
0.00912087041339739	0.990879129586603	989.519258790512	0	0.000681273317502120	6.61799361873552e-06	0.000496479372692415	-0.000373101487321126	-0.000955011469624372
0.00817356367565411	0.991826436324346	990.465265455694	0	0.000680706157454654	6.88999144945867e-06	0.000496553425410502	-0.000372695056805117	-0.000955059809737149
0.00725562604030164	0.992744373959698	991.381943324294	0	0.000680176848083391	7.13681383247867e-06	0.000496625312925714	-0.000372323153465409	-0.000955104343299255
0.00636712008381921	0.993632879916181	992.269229905713	0	0.000679688419545662	7.36032769652038e-06	0.000496692619246704	-0.000371989863415373	-0.000955143100890977
0.00550810664135135	0.994491893358649	993.127064448293	0	0.000679245194475587	7.56201023897731e-06	0.000496753691452731	-0.000371697750500671	-0.000955174758012370
0.00467864480115515	0.995321355198845	993.955387944872	0	0.000678851183812708	7.74257523896235e-06	0.000496807432250391	-0.000371447966625884	-0.000955198932322231
0.00387879189914286	0.996121208100857	994.754143138223	0	0.000678509500120485	7.90170726084797e-06	0.000496853177374427	-0.000371240419583018	-0.000955216184406953
0.00310860351352288	0.996891396486477	995.523274526414	0	0.000678222737996851	8.03800633513903e-06	0.000496890615413342	-0.000371073973124832	-0.000955227717117420
0.00236813345953710	0.997631866540463	996.262728368056	0	0.000677993239685119	8.14935031027552e-06	0.000496919731074523	-0.000370946656433641	-0.000955234960408975
0.00165743378429843	0.998342566215702	996.972452687468	0	0.000677822654932517	8.23364104619030e-06	0.000496940762020071	-0.000370855865351415	-0.000955239225392732
0.000976554761726947	0.999023445238273	997.652397279723	0	0.000677711059083723	8.28367653387150e-06	0.000496954160412915	-0.000370798543955718	-0.000955241517183567
0.000325544887587024	0.999674455112413	998.302513715613	0	0.000677526677495699	8.33462508582523e-06	0.000496960552430405	-0.000370771341367067	-0.000955242494329593
