1	0	0	1.99056723554541e-43	-6.79604656176861e-06	0.340258390007994	1.15231191508726e-24	0	-0.342122275254921
0.999902976248952	9.70237510480310e-05	0.0968905967998106	1.82869044647911e-06	8.55798138537014e-06	0.339205121138730	0.000772591334654937	0	-0.340667348235897
0.999775539161755	0.000224460838245011	0.224152790845806	2.29197070541282e-05	6.23477713301358e-05	0.337423319400245	0.00162242732916117	0	-0.339133031156562
0.999617704438640	0.000382295561360047	0.381770903453905	0.000114838207639713	0.000265003106100994	0.334910212970230	0.00243123977411326	0	-0.337714540890614
0.999429489613958	0.000570510386041945	0.569727424336849	0.000387506662581033	0.000827240547114138	0.332175776492815	0.00307108135441444	0	-0.336544559315609
0.999210914053114	0.000789085946885981	0.788003014666767	0.00104113312338341	0.00211345412203731	0.328763408749705	0.00341471820865875	0	-0.335642244441633
0.998961998949404	0.00103800105059604	1.03657651023297	0.00240344111141062	0.00467442475229800	0.323745137738502	0.00334600298433273	0	-0.334866894451988
0.998682767320731	0.00131723267926898	1.31542492472182	0.00496694045013254	0.00923406182897345	0.315675083034463	0.00276904682941783	0	-0.333886125928546
0.998373244006220	0.00162675599378004	1.62452345309747	0.00941606081610179	0.0165884516761931	0.302679338954509	0.00161520180284535	0	-0.332179523205603
0.998033455662722	0.00196654433727805	1.96384547509231	0.0166287240876104	0.0273881570661296	0.282739620677122	-0.000152738289988943	0	-0.329103187228840
0.997663430761219	0.00233656923878101	2.33336255879756	0.0276340243576123	0.0418222349252114	0.254168969800662	-0.00253928313592687	0	-0.324026671813540
0.997263199583111	0.00273680041688895	2.73304446437110	0.0435108738122613	0.0592938897387096	0.216180285309391	-0.00551777752501817	0	-0.316519272222543
0.996832794216413	0.00316720578358698	3.16285914783524	0.0652247010659392	0.0782317700033772	0.169361770848413	-0.00903434256855603	0	-0.306524596391728
0.996372248551831	0.00362775144816896	3.62277276499506	0.0934198892272793	0.0961699974985979	0.115859714640049	-0.0130136570829058	0	-0.294448627123646
0.995881598278753	0.00411840172124700	4.11274967544235	0.128208544543431	0.110140163814343	0.0591552199835700	-0.0173658009607337	0	-0.281112806601925
0.995360880881122	0.00463911911887804	4.63275244667658	0.169011231681146	0.117288498353488	0.00347238370901249	-0.0219932278793109	0	-0.267578896805284
0.994810135633214	0.00518986436678603	5.18274185832124	0.214503039135965	0.115530247494255	-0.0470058165437839	-0.0267969548563656	0	-0.254905653348233
0.994229403595313	0.00577059640468702	5.76267690644304	0.262695812226174	0.104034132028352	-0.0888784711161609	-0.0316813111394868	0	-0.243920521067223
0.993618727609288	0.00638127239071196	6.37251480796859	0.311151076205086	0.0833973162877926	-0.120027759448483	-0.0365570269332654	0	-0.235074819136775
0.992978152294068	0.00702184770593195	7.01221100520350	0.357281434447890	0.0554854717245569	-0.139787157655467	-0.0413429145418590	0	-0.228411513565178
0.992307724041017	0.00769227595898303	7.68171917045075	0.398674831095126	0.0230184731940457	-0.148798045635185	-0.0459667106025389	0	-0.223632699380663
0.991607491009213	0.00839250899078703	8.38099121072513	0.433373753383388	-0.0109586203117356	-0.148655769618895	-0.0503656781716806	0	-0.220226637031228
0.990877503120632	0.00912249687936795	9.10997727256297	0.460059052837251	-0.0435770218296725	-0.141474290377638	-0.0544873292288972	0	-0.217607522093775
0.990117812055224	0.00988218794477602	9.86862574693945	0.478117151281395	-0.0725155544311554	-0.129481817504182	-0.0582902798999690	0	-0.215231040586234
0.989328471245912	0.0106715287540881	10.6568832742621	0.487598897809986	-0.0961972173961527	-0.114717782666774	-0.0617449892046401	0	-0.212666735870282
0.988509535873478	0.0114904641265220	11.4746947494783	0.489099357992454	-0.113819710031628	-0.0988549401951537	-0.0648340510708437	0	-0.209625860024010
0.987661062861364	0.0123389371386360	12.3220033272673	0.483596493086663	-0.125262755698579	-0.0831345781012088	-0.0675517760202101	0	-0.205955092214559
0.986783110870378	0.0132168891296220	13.1987504273264	0.472284186900991	-0.130926448664233	-0.0683842319736191	-0.0699029776652844	0	-0.201610511466794
0.985875740293307	0.0141242597066930	14.1048757397508	0.456425496082875	-0.131549395867963	-0.0550835776030996	-0.0719010998934658	0	-0.196624291018847
0.984939013249435	0.0150609867505650	15.0403172305087	0.437240087821514	-0.128042159458477	-0.0434487128160064	-0.0735659467121117	0	-0.191073006044534
0.983972993578979	0.0160270064210210	16.0050111469962	0.415829411271156	-0.121356165306384	-0.0335133656664228	-0.0749213099191921	0	-0.185053301310823
0.982977746837420	0.0170222531625800	16.9988920237001	0.393136043104862	-0.112393605187180	-0.0251956938939448	-0.0759927991844488	0	-0.178666366351456
0.981953340289760	0.0180466597102400	18.0218926879321	0.369929991144983	-0.101953974334370	-0.0183482956033783	-0.0768060814971988	0	-0.172009407310777
0.980899842904680	0.0191001570953200	19.0739442656628	0.346813739324469	-0.0907087019371490	-0.0127941019079025	-0.0773855437910055	0	-0.165171188971369
0.979817325348610	0.0201826746513900	20.1549761874443	0.324238562097709	-0.0791956093064586	-0.00835090064113332	-0.0777532869404480	0	-0.158229356177326
0.978705859979724	0.0212941400202760	21.2649161944058	0.302526171790789	-0.0678269833426675	-0.00484566944292120	-0.0779285595558096	0	-0.151250618194296
0.977565520841829	0.0224344791581710	22.4036903443573	0.281891576951963	-0.0569039012603934	-0.00212170654624834	-0.0779277538957825	0	-0.144292671126290
0.976396383658186	0.0236036163418140	23.5712230179595	0.262464909805473	-0.0466316820202706	-4.20833843726367e-05	-0.0777646406818196	0	-0.137404572379089
0.975198525825238	0.0248014741747620	24.7674369249873	0.244311180472543	-0.0371381497650942	0.00151067678731439	-0.0774505804986729	0	-0.130627717679388
0.973972026406254	0.0260279735937460	25.9922531106772	0.227447318904379	-0.0284943579932097	0.00263790570127980	-0.0769948166408770	0	-0.123998844490919
0.972716966124892	0.0272830338751080	27.2455909621555	0.211856032912345	-0.0207312589983114	0.00342668835532673	-0.0764048559973890	0	-0.117551124246358
0.971433427358678	0.0285665726413220	28.5273682149501	0.197496585669176	-0.0138495177442931	0.00394933502718211	-0.0756870525919546	0	-0.111312204774567
0.970121494132410	0.0298785058675900	29.8375009595775	0.184312868488939	-0.00782655414963555	0.00426423584254698	-0.0748475580386173	0	-0.105303327144564
0.968781252111466	0.0312187478885340	31.1759036482260	0.172239164902709	-0.00262363033052505	0.00441890806625785	-0.0738930811568216	0	-0.0995408742625501
0.967412788595051	0.0325872114049490	32.5424891014990	0.161204173354603	0.00180976549824909	0.00445183770380144	-0.0728308750699475	0	-0.0940376343549824
0.966016192509352	0.0339838074906480	33.9371685152507	0.151134033802376	0.00553422598942464	0.00439293261571427	-0.0716687060220655	0	-0.0888020319363918
0.964591554400617	0.0354084455993831	35.3598514674977	0.141954757849801	0.00861553751574608	0.00426568761763593	-0.0704151061345624	0	-0.0838376236067776
0.963138966428163	0.0368610335718370	36.8104459254013	0.133593824113926	0.0111179600066048	0.00409031695343963	-0.0690792750210324	0	-0.0791448692189262
0.961658522357297	0.0383414776427030	38.2888582523370	0.125980905950821	0.0131011615982251	0.00388431529057431	-0.0676708745593237	0	-0.0747221382574172
0.960150317552171	0.0398496824478291	39.7949932150294	0.119048350369717	0.0146222310288326	0.00366079227049032	-0.0662002359819165	0	-0.0705648200898834
0.958614448968554	0.0413855510314460	41.3287539907704	0.112731996625675	0.0157404287539465	0.00342810508152148	-0.0646782948182678	0	-0.0666645150253265
0.957051015146539	0.0429489848534610	42.8900421747023	0.106972259175998	0.0165135773202926	0.00319188169953805	-0.0631161915327155	0	-0.0630105057954865
0.955460116203162	0.0445398837968380	44.4787577871885	0.101714905944315	0.0169904778968831	0.00295689298700729	-0.0615250047024285	0	-0.0595918482074902
0.953841853824967	0.0461581461750330	46.0947992812385	0.0969108177510118	0.0172133110226970	0.00272638988701413	-0.0599154421837500	0	-0.0563981335127780
0.952196331260483	0.0478036687395170	47.7380635500203	0.0925151089182935	0.0172243229356565	0.00250183898035601	-0.0582980596908427	0	-0.0534171691434495
0.950523653312640	0.0494763466873600	49.4084459344342	0.0884868312584083	0.0170634101213478	0.00228581068255666	-0.0566832448376418	0	-0.0506365256789705
0.948823926331108	0.0511760736688920	51.1058402307632	0.0847888487494142	0.0167628949052179	0.00208240706220307	-0.0550803366462127	0	-0.0480453130526052
0.947097258204573	0.0529027417954270	52.8301386983865	0.0813872725073738	0.0163494811126533	0.00189426913912303	-0.0534971316154391	0	-0.0456313630484838
0.945343758352940	0.0546562416470600	54.5812320675657	0.0782512388097914	0.0158461966851640	0.00172205034337350	-0.0519398464728463	0	-0.0433828587731014
0.943563537719468	0.0564364622805320	56.3590095472991	0.0753533839623211	0.0152733783560131	0.00156485776634317	-0.0504129068220958	0	-0.0412888296945392
0.941756708762842	0.0582432912371580	58.1633588332384	0.0726699601724076	0.0146519258041718	0.00142036478045947	-0.0489200215315057	0	-0.0393378884731580
0.939923385449174	0.0600766145508260	59.9941661156776	0.0701803445338119	0.0140012517506935	0.00128727763737822	-0.0474651214627033	0	-0.0375188768067941
0.938063683243942	0.0619363167560580	61.8513160876020	0.0678663769042788	0.0133327245854724	0.00116695240439888	-0.0460516954123983	0	-0.0358233890125707
0.936177719103860	0.0638222808961400	63.7346919528076	0.0657110239614464	0.0126507077907915	0.00106054739218621	-0.0446819365553344	0	-0.0342433336632921
0.934265611468690	0.0657343885313100	65.6441754340779	0.0636975116650815	0.0119599008386041	0.000966241316347212	-0.0433569813871711	0	-0.0327688950980060
0.932327480252988	0.0676725197470121	67.5796467814262	0.0618097907511468	0.0112690557975314	0.000880775184819273	-0.0420778951061257	0	-0.0313903953093993
0.930363446837786	0.0696365531622140	69.5409847804021	0.0600334931764356	0.0105860804652584	0.000801639358720336	-0.0408457629000903	0	-0.0300998452267903
0.928373634062212	0.0716263659377880	71.5280667604610	0.0583566861076721	0.00991997963763019	0.000727058311668382	-0.0396614776717573	0	-0.0288902617111658
0.926358166215055	0.0736418337849450	73.5407686033860	0.0567696589287827	0.00928352956686501	0.000656179321589474	-0.0385248897908696	0	-0.0277554970935835
0.924317169026263	0.0756828309737370	75.5789647517795	0.0552644676137423	0.00868293301205015	0.000589502334722251	-0.0374347777498342	0	-0.0266902304986636
0.922250769658387	0.0777492303416130	77.6425282176070	0.0538349981590880	0.00811524619242654	0.000528184523418786	-0.0363894637237273	0	-0.0256895840808739
0.920159096697961	0.0798409033020390	79.7313305908050	0.0524763563514038	0.00757558432533436	0.000473012540072125	-0.0353873174324296	0	-0.0247492625488225
0.918042280146832	0.0819577198531680	81.8452420479396	0.0511838945942764	0.00706248990109042	0.000423617901877010	-0.0344269032489095	0	-0.0238645000907962
0.915900451413422	0.0840995485865780	83.9841313609321	0.0499530830918551	0.00657690145099792	0.000379233075463476	-0.0335069590060992	0	-0.0230306218317235
0.913733743303946	0.0862662566960540	86.1478659058292	0.0487791902769109	0.00611742006561347	0.000339693016000668	-0.0326264117081523	0	-0.0222445586981156
0.911542290013565	0.0884577099864350	88.3363116716377	0.0476568730816687	0.00568506377513629	0.000304428338480620	-0.0317842773514052	0	-0.0215027532026813
0.909326227117490	0.0906737728825100	90.5493332692085	0.0465814427048384	0.00528465723378546	0.000272754097819141	-0.0309790351341544	0	-0.0208012141936716
0.907085691562025	0.0929143084379750	92.7867939401810	0.0455500662844868	0.00491594957255520	0.000245005267972521	-0.0302083466446719	0	-0.0201380454082197
0.904820821655567	0.0951791783444330	95.0485555659711	0.0445608956458947	0.00457295159696704	0.000221253975644567	-0.0294704126105008	0	-0.0195111459014852
0.902531757059545	0.0974682429404550	97.3344786768194	0.0436120975812018	0.00424820332636307	0.000200880380414396	-0.0287640787506841	0	-0.0189172800763080
0.900218638779309	0.0997813612206910	99.6444224608901	0.0427015129637192	0.00393656881844581	0.000183418253533209	-0.0280883312583463	0	-0.0183533996546251
0.897881609154969	0.102118390845031	101.978244773419	0.0418267576407120	0.00363848289644070	0.000168232224787306	-0.0274427802506297	0	-0.0178168058911170
0.895520811852185	0.104479188147815	104.335802145911	0.0409856791703241	0.00335666661340433	0.000154353348983657	-0.0268267155353985	0	-0.0173062342225112
0.893136391852902	0.106863608147098	106.716949795393	0.0401763356159774	0.00309105801625157	0.000141022279565543	-0.0262377286815186	0	-0.0168204175423524
0.890728495446042	0.109271504553958	109.121541633708	0.0393966530875122	0.00284022668293878	0.000128238552671922	-0.0256730473919036	0	-0.0163576205710741
0.888297270218144	0.111702729781856	111.549430276863	0.0386442517148750	0.00260457468284881	0.000116355917349357	-0.0251307890489303	0	-0.0159165486540874
0.885842865043957	0.114157134956043	114.000467054422	0.0379169438395348	0.00238845810433292	0.000105617554986356	-0.0246094791869989	0	-0.0154958032919496
0.883365430076986	0.116634569923014	116.474502018951	0.0372129788286593	0.00219468772540343	9.67787920824339e-05	-0.0241079150137382	0	-0.0150943786875078
0.880865116739994	0.119134883260006	118.971383955496	0.0365303626684429	0.00202066882620907	9.04270911122722e-05	-0.0236251658838574	0	-0.0147111022585093
0.878342077715455	0.121657922284545	121.490960391123	0.0358665667553559	0.00186201457101885	8.56031331910772e-05	-0.0231602603679764	0	-0.0143439132385791
0.875796466935961	0.124203533064039	124.033077604496	0.0352189725841985	0.00171510367020287	8.00172754051754e-05	-0.0227115869157174	0	-0.0139909546925761
0.873228439574594	0.126771560425406	126.597580635490	0.0345856000739576	0.00158062556232892	7.20263955952761e-05	-0.0222778189827964	0	-0.0136508140649280
0.870638152035239	0.129361847964761	129.184313294867	0.0339655304572328	0.00146042995734994	6.31606262964948e-05	-0.0218590181462411	0	-0.0133236626271634
0.868025761942871	0.131974238057129	131.793118173975	0.0333583876091848	0.00135151965438631	5.63793078656514e-05	-0.0214545205103519	0	-0.0130100386244620
0.865391428133783	0.134608571866217	134.423836654506	0.0327639810192966	0.00125088397040530	5.15487827618762e-05	-0.0210623832002941	0	-0.0127090020758638
0.862735310645790	0.137264689354210	137.076308918278	0.0321828164651003	0.00116045907635450	4.62718748797677e-05	-0.0206818824732759	0	-0.0124193884697778
0.860057570708376	0.139942429291624	139.750373957078	0.0316157428009646	0.00108066117190364	3.98066611405437e-05	-0.0203132197644381	0	-0.0121407484268727
0.857358370732808	0.142641629267192	142.445869582529	0.0310630326762915	0.00100797132595459	3.34198673511595e-05	-0.0199564369776320	0	-0.0118722461842082
0.854637874302212	0.145362125697788	145.162632436005	0.0305245045276740	0.000941888145879618	2.85620494225223e-05	-0.0196116080384319	0	-0.0116137512268578
0.851896246161607	0.148103753838393	147.900497998581	0.0299997078205625	0.000884755569092269	2.58246302375387e-05	-0.0192787946348819	0	-0.0113649671260023
0.849133652207900	0.150866347792100	150.659300601025	0.0294878441497428	0.000836983085124707	2.49337684945395e-05	-0.0189576068394459	0	-0.0111252005095810
0.846350259479846	0.153649740520154	153.438873433825	0.0289881776213643	0.000797181445031463	2.51689484419771e-05	-0.0186471083657585	0	-0.0108938741239325
0.843546236147967	0.156453763852033	156.239048557253	0.0285002791552115	0.000762519939082717	2.59504252193463e-05	-0.0183459401622802	0	-0.0106705675140738
0.840721751504436	0.159278248495564	159.059656911470	0.0280241961612992	0.000729016312419663	2.68982234163649e-05	-0.0180529702378556	0	-0.0104553002836403
0.837876975952927	0.162123024047073	161.900528326664	0.0275601836755461	0.000695647117678954	2.71207001797820e-05	-0.0177676681255270	0	-0.0102477224537432
0.835012080998426	0.164987919001574	164.761491533219	0.0271080088359617	0.000665538130162792	2.54467323645692e-05	-0.0174898533596342	0	-0.0100468037916329
0.832127239237012	0.167872760762988	167.642374171925	0.0266671301585325	0.000640940940119830	2.18611235920537e-05	-0.0172190191631828	0	-0.00985199969550251
0.829222624345595	0.170777375654405	170.543002804225	0.0262374338773173	0.000619217561760972	1.79894815585043e-05	-0.0169542527415270	0	-0.00966342788250913
0.826298411071630	0.173701588928370	173.463202922484	0.0258190390877536	0.000596425342426814	1.54709940377557e-05	-0.0166949929946629	0	-0.00948146213993448
0.823354775222793	0.176645224777207	176.402798960303	0.0254117109459771	0.000572901376549670	1.46107762405413e-05	-0.0164409081829217	0	-0.00930593172756423
0.820391893656623	0.179608106343377	179.361614302860	0.0250142971285457	0.000547735410823304	1.49565434288173e-05	-0.0161914979494451	0	-0.00913642615391123
0.817409944270136	0.182590055729864	182.339471297283	0.0246249390146391	0.000519168157214439	1.55208407370662e-05	-0.0159462238486267	0	-0.00897232328967727
0.814409105989404	0.185590894010596	185.336191263056	0.0242427339577628	0.000493250086605709	1.52435350971454e-05	-0.0157049737429753	0	-0.00881295402425964
0.811389558759105	0.188610441240895	188.351594502455	0.0238680903449909	0.000475883431898995	1.42559564700294e-05	-0.0154683388983895	0	-0.00865821669993537
0.808351483532041	0.191648516467959	191.385500311016	0.0235012241547135	0.000464547114636275	1.32398271171893e-05	-0.0152368795941700	0	-0.00850776349171413
0.805295062258629	0.194704937741371	194.437726988028	0.0231417589611603	0.000455020811349467	1.25085227909608e-05	-0.0150106298815514	0	-0.00836144068663377
0.802220477876358	0.197779522123642	197.508091847062	0.0227896597522459	0.000444273459328806	1.26054407409791e-05	-0.0147898303955585	0	-0.00821915688140036
0.799127914299221	0.200872085700779	200.596411226529	0.0224457953069834	0.000429690861691135	1.37444621949411e-05	-0.0145747282449157	0	-0.00808139454523942
0.796017556407118	0.203982443592882	203.702500500254	0.0221110012731188	0.000412362185767833	1.45879008920563e-05	-0.0143647756195051	0	-0.00794775658321353
0.792889590035230	0.207110409964770	206.826174088095	0.0217850040241893	0.000397447544629422	1.38840376350719e-05	-0.0141593527898536	0	-0.00781716900226730
0.789744201963366	0.210255798036634	209.967245466576	0.0214670163085694	0.000386815626928404	1.22541472201598e-05	-0.0139583804561569	0	-0.00768952369119994
0.786581579905283	0.213418420094717	213.125527179558	0.0211563624716022	0.000378417070861415	1.07668822225302e-05	-0.0137621422913421	0	-0.00756522568484168
0.783401912497981	0.216598087502019	216.300830848924	0.0208522001848250	0.000373412185816180	9.72563214836263e-06	-0.0135712187859056	0	-0.00744437603000453
0.780205389290971	0.219794610709029	219.492967185297	0.0205534453448798	0.000374830317384522	9.44885036622282e-06	-0.0133864179310636	0	-0.00732670096351444
0.776992200735514	0.223007799264486	222.701745998790	0.0202590219284411	0.000382117749640369	1.01491376346224e-05	-0.0132080191189084	0	-0.00721273459185339
0.773762538173847	0.226237461826153	225.926976209762	0.0199678204368030	0.000392324407278486	1.09586322283747e-05	-0.0130350454956775	0	-0.00710200083896873
0.770516593828366	0.229483406171634	229.168465859620	0.0196789319129969	0.000403364347133214	1.11035564929198e-05	-0.0128660797120306	0	-0.00699379846287916
0.767254560790802	0.232745439209198	232.426022121631	0.0193918132346211	0.000413376526971229	1.10339191491988e-05	-0.0127003885623282	0	-0.00688829242603122
0.763976633011366	0.236023366988634	235.699451311758	0.0191061735227923	0.000422958801049424	1.10543105186549e-05	-0.0125375063369959	0	-0.00678517176516813
0.760683005287870	0.239316994712130	238.988558899527	0.0188220989197895	0.000437086204000264	1.08508029128090e-05	-0.0123764726217420	0	-0.00668391104007683
0.757373873254824	0.242626126745176	242.293149518915	0.0185408366876628	0.000457706113379943	1.06474554371482e-05	-0.0122163689772165	0	-0.00658466598280531
0.754049433372521	0.245950566627479	245.613026979249	0.0182644233820957	0.000480479872591972	1.10693083630787e-05	-0.0120568630583188	0	-0.00648808673067941
0.750709882916086	0.249290117083914	248.947994276142	0.0179946198572499	0.000500108930421459	1.19876442329916e-05	-0.0118984591666883	0	-0.00639420132919696
0.747355419964512	0.252644580035488	252.297853602442	0.0177327892509752	0.000515209924906365	1.24787507501794e-05	-0.0117421320740727	0	-0.00630235537276421
0.743986243389676	0.256013756610324	255.662406359202	0.0174792660646463	0.000529086815912889	1.20016236689784e-05	-0.0115887015073814	0	-0.00621236423158619
0.740602552845327	0.259397447154673	259.041453166674	0.0172330308486625	0.000542368113143692	1.13740191453497e-05	-0.0114384522272168	0	-0.00612440201815458
0.737204548756065	0.262795451243935	262.434793875320	0.0169927340672423	0.000550752372493427	1.18704663735836e-05	-0.0112911467595597	0	-0.00603868762872966
0.733792432306285	0.266207567693715	265.842227576847	0.0167573937633233	0.000552503938304696	1.36098668587831e-05	-0.0111466878470435	0	-0.00595497387219421
0.730366405429121	0.269633594570879	269.263552615252	0.0165269002393918	0.000548984866660699	1.56647547910864e-05	-0.0110045680420525	0	-0.00587322925840593
0.726926670795350	0.273073329204650	272.698566597901	0.0163017872297535	0.000542830715684934	1.68966002993109e-05	-0.0108641112711112	0	-0.00579333872412917
0.723473431802295	0.276526568197705	276.147066406612	0.0160818587063646	0.000537598999537560	1.66955607721811e-05	-0.0107249619609547	0	-0.00571478593708370
0.720006892562701	0.279993107437299	279.608848208760	0.0158659771775701	0.000535812865918990	1.55057110927175e-05	-0.0105872585317696	0	-0.00563754352906807
0.716527257893592	0.283472742106408	283.083707468410	0.0156533550906451	0.000539282097044315	1.43449787901302e-05	-0.0104510777577015	0	-0.00556188053007122
0.713034733305116	0.286965266694884	286.571438957455	0.0154438063444952	0.000546495760163705	1.34841004948445e-05	-0.0103168502535527	0	-0.00548790880628147
0.709529524989368	0.290470475010632	290.071836766774	0.0152372604692127	0.000554070403747852	1.23073897984670e-05	-0.0101854985079331	0	-0.00541490786325601
0.706011839809202	0.293988160190798	293.584694317411	0.0150340595446015	0.000558887967843129	1.09117437650416e-05	-0.0100577273963029	0	-0.00534340600038174
0.702481885287018	0.297518114712982	297.109804371765	0.0148343876806173	0.000560162071142724	9.93882993217223e-06	-0.00993339137505859	0	-0.00527398166756135
0.698939869593541	0.301060130406459	300.646959044804	0.0146376799424646	0.000562216350778730	9.50160743225660e-06	-0.00981196920337601	0	-0.00520629881027014
0.695386001536580	0.304613998463420	304.195949815283	0.0144436426636556	0.000567117762008653	9.50998506183714e-06	-0.00969310870875819	0	-0.00514030650187910
0.691820490549772	0.308179509450228	307.756567536990	0.0142531164318828	0.000573280634758502	9.62911428439664e-06	-0.00957617316343549	0	-0.00507574690146646
0.688243546681314	0.311756453318686	311.328602449995	0.0140673027517316	0.000579389866215604	9.51717005275769e-06	-0.00946059201650674	0	-0.00501256682481377
0.684655380582674	0.315344619417326	314.911844191927	0.0138862850919634	0.000583945754481226	9.49666284376315e-06	-0.00934646940650891	0	-0.00495081800151007
0.681056203497295	0.318943796502705	318.506081809250	0.0137088433875340	0.000587112557870948	9.73836244567627e-06	-0.00923402127655223	0	-0.00489038219286541
0.677446227249278	0.322553772750722	322.111103768567	0.0135337175971330	0.000591438049890888	9.51044299720000e-06	-0.00912299288344351	0	-0.00483077604074933
0.673825664232057	0.326174335767943	325.726697967932	0.0133605528380272	0.000597393629153775	8.37570758232852e-06	-0.00901302064323381	0	-0.00477172122933806
0.670194727397058	0.329805272602942	329.352651748170	0.0131896237410297	0.000602498619301201	6.98626622942228e-06	-0.00890391445868356	0	-0.00471341339337308
0.666553630242341	0.333446369757659	332.988751904223	0.0130211424621982	0.000605998993188669	5.94022779817522e-06	-0.00879591529632084	0	-0.00465600503722944
0.662902586801238	0.337097413198762	336.634784696497	0.0128550287034634	0.000608944039516844	5.01989154196227e-06	-0.00868913274011253	0	-0.00459940010434067
0.659241811630970	0.340758188369030	340.290535862225	0.0126916092978878	0.000611390123062321	4.04251910684653e-06	-0.00858362303433200	0	-0.00454368359610728
0.655571519801254	0.344428480198746	343.955790626851	0.0125319363817311	0.000612469601222479	3.58206489096918e-06	-0.00847966615800962	0	-0.00448938697680016
0.651891926882905	0.348108073117095	347.630333715405	0.0123768666783899	0.000611538024524630	4.28882735964060e-06	-0.00837795519933707	0	-0.00443658866131663
0.648203248936409	0.351796751063591	351.313949363922	0.0122260456631341	0.000609943058518098	5.94331673584150e-06	-0.00827897292912801	0	-0.00438488211077068
0.644505702500508	0.355494297499492	355.006421330834	0.0120775330055413	0.000610163241814118	7.72911418425934e-06	-0.00818265659611907	0	-0.00433371531781452
0.640799504580753	0.359200495419247	358.707532908405	0.0119293009889549	0.000611576002531803	8.92218412763156e-06	-0.00808866162882044	0	-0.00428296760540852
0.637084872638058	0.362915127361942	362.417066934163	0.0117810900804055	0.000612999472454964	9.06231681966412e-06	-0.00799625646850527	0	-0.00423278082531521
0.633362024577238	0.366637975422762	366.134805802343	0.0116336010246598	0.000616475522238219	8.40762784585274e-06	-0.00790490851114979	0	-0.00418315928112679
0.629631178735543	0.370368821264457	369.860531475338	0.0114866082948530	0.000623545234732242	7.91241312006741e-06	-0.00781455800017949	0	-0.00413445918705939
0.625892553871169	0.374107446128831	373.594025495173	0.0113392651534273	0.000634235709645992	8.03891228138942e-06	-0.00772516234916726	0	-0.00408677932782140
0.622146369151775	0.377853630848225	377.335068994973	0.0111915886759989	0.000647850030029441	8.52180067057787e-06	-0.00763654861349810	0	-0.00403978246122409
0.618392844142982	0.381607155857018	381.083442710445	0.0110443185659803	0.000661428463717514	9.09505451513952e-06	-0.00754849542202414	0	-0.00399351337236550
0.614632198796856	0.385367801203144	384.838926991384	0.0108981591719321	0.000671357668219950	9.36172293321418e-06	-0.00746092699464397	0	-0.00394799804545023
0.610864653440400	0.389135346559600	388.601301813160	0.0107538923228896	0.000677889341786988	8.87751003140548e-06	-0.00737419440294524	0	-0.00390312025114152
0.607090428764018	0.392909571235982	392.370346788242	0.0106122717152411	0.000684971167056623	7.75441381721495e-06	-0.00728879154651729	0	-0.00385897796025186
0.603309745809984	0.396690254190016	396.145841177713	0.0104735137072250	0.000695875706616384	6.59229391673112e-06	-0.00720493683546487	0	-0.00381554324921857
0.599522825960891	0.400477174039109	399.927563902801	0.0103371899277441	0.000710202891793097	6.17594369458295e-06	-0.00712274339157932	0	-0.00377278579766534
0.595729890928107	0.404270109071893	403.715293556414	0.0102024791837455	0.000723985252681729	6.83217448873353e-06	-0.00704206576161231	0	-0.00373066798395411
0.591931162740206	0.408068837259794	407.508808414686	0.0100682382643957	0.000734926309738024	7.73900141041345e-06	-0.00696229947404810	0	-0.00368923766052169
0.588126863731402	0.411873136268598	411.307886448532	0.00993375928877586	0.000745394850740467	7.81773856530977e-06	-0.00688307650654294	0	-0.00364807113052732
0.584317216529976	0.415682783470024	415.112305335204	0.00979920851517605	0.000757560634537381	7.02284895627203e-06	-0.00680464608980173	0	-0.00360712659101103
0.580502444046688	0.419497555953312	418.921842469862	0.00966515610585274	0.000771507233960957	5.94769756438270e-06	-0.00672758259773721	0	-0.00356667433112668
0.576682769463188	0.423317230536812	422.736274977147	0.00953251927227907	0.000786805296847010	5.02969950492741e-06	-0.00665233094691863	0	-0.00352680712566610
0.572858416220421	0.427141583779579	426.555379722763	0.00940248562385999	0.000803255837044177	4.66987588142319e-06	-0.00657886448456677	0	-0.00348768520372012
0.569029608007019	0.430970391992981	430.378933325065	0.00927564722983601	0.000820543431642868	5.26391699639829e-06	-0.00650697886881110	0	-0.00344944413607868
0.565196568747695	0.434803431252305	434.206712166652	0.00915149973655595	0.000836420739054895	6.62428506606720e-06	-0.00643648797109628	0	-0.00341186334976702
0.561359522591622	0.438640477408378	438.038492405969	0.00902916983633216	0.000849414951969269	8.12556277345945e-06	-0.00636708653570466	0	-0.00337480688040863
0.557518693900813	0.442481306099187	441.874049988917	0.00890857369882672	0.000860024926036314	9.52902261384739e-06	-0.00629837304456119	0	-0.00333873617419382
0.553674307238495	0.446325692761505	445.713160660456	0.00879048740440436	0.000869046538801190	1.08287132285927e-05	-0.00623006697248781	0	-0.00330385078434234
0.549826587357469	0.450173412642531	449.555599976233	0.00867553444931463	0.000876921211182207	1.16370100674503e-05	-0.00616187780473293	0	-0.00326965936279766
0.545975759188475	0.454024240811525	453.401143314200	0.00856356136081214	0.000884404818888827	1.15515476373057e-05	-0.00609377700532708	0	-0.00323572382221111
0.542122047828549	0.457877952171451	457.249565886242	0.00845383960723461	0.000892743573794960	1.07734701477553e-05	-0.00602614094844151	0	-0.00320207274175030
0.538265678529370	0.461734321470630	461.100642749813	0.00834587110448224	0.000901400598032925	9.98411856692367e-06	-0.00595950607698330	0	-0.00316853117354914
0.534406876685606	0.465593123314394	464.954148819573	0.00823973672635830	0.000908414081305590	9.74441693445970e-06	-0.00589424997678476	0	-0.00313541466522194
0.530545867823260	0.469454132176740	468.809858879030	0.00813542940112974	0.000914204292203470	1.00081470360363e-05	-0.00583031463857625	0	-0.00310293609772897
0.526682877588002	0.473317122411998	472.667547592185	0.00803235786677462	0.000920708639264460	1.04290558505570e-05	-0.00576755192452628	0	-0.00307105062057801
0.522818131733503	0.477181868266497	476.526989515190	0.00792952631818271	0.000928593533445422	1.08206143359205e-05	-0.00570570013956613	0	-0.00303971465515054
0.518951856109769	0.481048143890231	480.387959107993	0.00782597440340711	0.000937799900801707	1.09306902452082e-05	-0.00564442089447763	0	-0.00300870843045884
0.515084276651456	0.484915723348544	484.250230746008	0.00772138861016349	0.000947821626124790	1.03052563783440e-05	-0.00558305145458949	0	-0.00297782125890911
0.511215619366204	0.488784380633796	488.113578731765	0.00761642913841243	0.000958494664412697	8.93800079778553e-06	-0.00552095502329150	0	-0.00294701751556664
0.507346110322946	0.492653889677054	491.977777306586	0.00751206907270743	0.000969577492824545	7.49320631742574e-06	-0.00545808270150428	0	-0.00291672759249978
0.503475975640227	0.496524024359773	495.842600662247	0.00740891517360678	0.000980046922025184	6.44607900009058e-06	-0.00539508632149079	0	-0.00288707720647026
0.499605441474518	0.500394558525482	499.707822952652	0.00730738408184315	0.000989651056458976	5.84255121417196e-06	-0.00533286264154727	0	-0.00285816703155294
0.495734734008523	0.504265265991477	503.573218305509	0.00720781523969089	0.000999334630005772	5.66984992128408e-06	-0.00527179438280377	0	-0.00283000026170909
0.491864079439485	0.508135920560515	507.438560834003	0.00711057601932898	0.00100903659979901	5.80627546087585e-06	-0.00521180675845550	0	-0.00280232959243731
0.487993703967496	0.512006296032504	511.303624648478	0.00701588569692247	0.00101719276719400	6.11970428596283e-06	-0.00515280967571945	0	-0.00277516070591099
0.484123833783795	0.515876166216205	515.168183868116	0.00692345919739156	0.00102322532433537	6.67686672631522e-06	-0.00509494780365089	0	-0.00274850925863636
0.480254695059071	0.519745304940929	519.032012632624	0.00683255583155442	0.00102806366427017	7.64070217097256e-06	-0.00503816233372010	0	-0.00272220773024552
0.476386513931761	0.523613486068239	522.894885113912	0.00674211304895679	0.00103260283922803	9.00576564781479e-06	-0.00498199566250996	0	-0.00269606728497407
0.472519516496348	0.527480483503652	526.756575527788	0.00665134332890783	0.00103755997136444	1.04035224338899e-05	-0.00492585348128376	0	-0.00266990669197072
0.468653928791660	0.531346071208340	530.616858145638	0.00656025623763678	0.00104383804513799	1.13303791104355e-05	-0.00486950337698558	0	-0.00264359147179858
0.464789976789160	0.535210023210840	534.475507306117	0.00646921172568277	0.00105169359515320	1.15287515724736e-05	-0.00481316066437623	0	-0.00261716894932416
0.460927886381244	0.539072113618756	538.332297426843	0.00637846527747225	0.00106082046290078	1.11197273673291e-05	-0.00475727284840250	0	-0.00259085757802420
0.457067883369534	0.542932116630466	542.187003016080	0.00628832037735306	0.00107074371969455	1.06994707041794e-05	-0.00470198344511185	0	-0.00256490217008846
0.453210193453172	0.546789806546828	546.039398684435	0.00619917154313571	0.00107960298043913	1.09908369109889e-05	-0.00464713279101983	0	-0.00253953442521529
0.449355042217111	0.550644957782889	549.889259156543	0.00611129793453997	0.00108594899962472	1.19251339986214e-05	-0.00459246032076091	0	-0.00251476305991477
0.445502655120408	0.554497344879592	553.736359282765	0.00602471921120384	0.00109091403345293	1.26963805846169e-05	-0.00453763315862143	0	-0.00249013453461257
0.441653257484521	0.558346742515479	557.580474050872	0.00593918611647006	0.00109606921120609	1.28841496214901e-05	-0.00448255739597722	0	-0.00246565224240977
0.437807074481598	0.562192925518402	561.421378597739	0.00585406027549476	0.00110232082122784	1.27846608965003e-05	-0.00442756468729323	0	-0.00244136666940368
0.433964331122771	0.566035668877229	565.258848221038	0.00576830697901265	0.00111006939075410	1.28057856528682e-05	-0.00437330714960262	0	-0.00241713961012369
0.430125252246457	0.569874747753543	569.092658390915	0.00568132068988635	0.00111912320881818	1.30036737018113e-05	-0.00432029123553875	0	-0.00239302137946372
0.426290062506648	0.573709937493352	572.922584761693	0.00559351637636673	0.00112988445073972	1.30376884174483e-05	-0.00426864245100653	0	-0.00236918949478568
0.422458986361208	0.577541013638792	576.748403183549	0.00550587005752851	0.00114376944362085	1.25433236685248e-05	-0.00421805992488375	0	-0.00234558576962899
0.418632248060179	0.581367751939821	580.569889714202	0.00541919123497835	0.00115997376782455	1.16392939609568e-05	-0.00416803500648868	0	-0.00232221438314732
0.414810071634071	0.585189928365929	584.386820630596	0.00533375043911382	0.00117498158484719	1.08257110896427e-05	-0.00411816518814274	0	-0.00229914279915831
0.410992680882176	0.589007319117824	588.198972440580	0.00524947629430215	0.00118630409555775	1.04983418464981e-05	-0.00406839640480263	0	-0.00227646938099932
0.407180299360863	0.592819700639137	592.006121894591	0.00516638567369763	0.00119454450330161	1.07762235156826e-05	-0.00401895449920572	0	-0.00225444666202769
0.403373150371893	0.596626849628107	595.808045997324	0.00508453887414916	0.00120276996287841	1.15722806314875e-05	-0.00397008934369685	0	-0.00223309208427519
0.399571456950723	0.600428543049277	599.604522019414	0.00500369687564462	0.00121240834060653	1.27274088208132e-05	-0.00392182613607577	0	-0.00221216096862858
0.395775441854823	0.604224558145177	603.395327509100	0.00492336978649309	0.00122232055322498	1.40314944180814e-05	-0.00387391674499199	0	-0.00219138101548186
0.391985327551991	0.608014672448009	607.180240303897	0.00484335285980360	0.00123216604343523	1.51769657323526e-05	-0.00382615785663363	0	-0.00217067234035801
0.388201336208670	0.611798663791330	610.959038542260	0.00476402412004095	0.00124189542412841	1.58419081421063e-05	-0.00377860519697994	0	-0.00215007067885416
0.384423689678278	0.615576310321722	614.731500675241	0.00468592546053283	0.00125129661013048	1.57729393298965e-05	-0.00373142154814557	0	-0.00212961033752408
0.380652609489528	0.619347390510472	618.497405478149	0.00460925819201069	0.00126122552578100	1.49535549728454e-05	-0.00368479168781032	0	-0.00210921577731351
0.376888316834764	0.623111683165236	622.256532062202	0.00453386751604122	0.00127263231345319	1.39230879731445e-05	-0.00363886125472423	0	-0.00208885724061205
0.373131032558295	0.626868967441705	626.008659886176	0.00445929792043222	0.00128454239812484	1.35752016621417e-05	-0.00359366325987920	0	-0.00206879597681708
0.369380977144738	0.630619022855262	629.753568768044	0.00438506082765419	0.00129463091261192	1.41147428535247e-05	-0.00354905248917654	0	-0.00204925559759931
0.365638370707360	0.634361629292640	633.491038896619	0.00431105977237042	0.00130299029529507	1.46867697999116e-05	-0.00350482250403985	0	-0.00203009416764051
0.361903432976434	0.638096567023566	637.220850843185	0.00423747641454562	0.00131232012181329	1.45411169422793e-05	-0.00346082709867892	0	-0.00201120525834020
0.358176383287593	0.641823616712407	640.942785573121	0.00416426759830507	0.00132426436187508	1.38505310493992e-05	-0.00341700075016060	0	-0.00199262420080042
0.354457440570193	0.645542559429807	644.656624457528	0.00409108479072933	0.00133773327813483	1.31280089027111e-05	-0.00337330916877098	0	-0.00197440280840947
0.350746823335682	0.649253176664318	648.362149284840	0.00401772584075952	0.00135068428253951	1.26445284132417e-05	-0.00332977365528733	0	-0.00195647850804165
0.347044749665977	0.652955250334023	652.059142272434	0.00394448206865708	0.00136195859672500	1.24486717144305e-05	-0.00328641077531600	0	-0.00193891515691832
0.343351437201842	0.656648562798158	655.747386078232	0.00387199763282403	0.00137205672241718	1.24386793138898e-05	-0.00324328256395666	0	-0.00192163890242540
0.339667103131283	0.660332896868717	659.426663812295	0.00380096157019918	0.00138200029176054	1.25832925427795e-05	-0.00320058144337840	0	-0.00190456788020583
0.335991964177940	0.664008035822060	663.096759048413	0.00373184758196671	0.00139181075961691	1.30856083191956e-05	-0.00315838711353055	0	-0.00188779404357877
0.332326236589492	0.667673763410508	666.757455835681	0.00366469402609296	0.00140089842655596	1.41463316938716e-05	-0.00311670306668648	0	-0.00187140222229155
0.328670136126073	0.671329863873927	670.408538710073	0.00359913413294932	0.00140851960159018	1.55753380322501e-05	-0.00307549733993684	0	-0.00185533659147520
0.325023878048688	0.674976121951312	674.049792706005	0.00353463264439088	0.00141464113515793	1.68258318815617e-05	-0.00303454800463427	0	-0.00183939812453712
0.321387677107645	0.678612322892355	677.681003367890	0.00347066967851581	0.00141955906545382	1.76047545985940e-05	-0.00299358320260475	0	-0.00182360978542150
0.317761747530993	0.682238252469007	681.301956761683	0.00340683312111538	0.00142348479024102	1.80391894486582e-05	-0.00295259084027256	0	-0.00180804075305411
0.314146303012970	0.685853696987030	684.912439486418	0.00334290822247508	0.00142771605289982	1.82384179456872e-05	-0.00291175937191835	0	-0.00179273994419736
0.310541556702459	0.689458443297541	688.512238685734	0.00327888728903667	0.00143390091803289	1.81266373436331e-05	-0.00287128249403420	0	-0.00177772626620249
0.306947721191458	0.693052278808542	692.101142059392	0.00321493409260972	0.00144257300189089	1.76623403747030e-05	-0.00283134461462208	0	-0.00176292006125425
0.303365008503555	0.696634991496445	695.678937874783	0.00315130975291238	0.00145296499063832	1.70670360673934e-05	-0.00279204485110938	0	-0.00174836268544026
0.299793630082419	0.700206369917581	699.245414978420	0.00308818681972303	0.00146344961623697	1.65613160389642e-05	-0.00275334463486759	0	-0.00173400754764163
0.296233796780298	0.703766203219702	702.800362807428	0.00302558079933295	0.00147305067795502	1.60112669030952e-05	-0.00271512483301853	0	-0.00171968829582102
0.292685718846532	0.707314281153468	706.343571401008	0.00296342844669990	0.00148205684757547	1.53211702774189e-05	-0.00267728524430299	0	-0.00170551798271979
0.289149605916075	0.710850394083925	709.874831411909	0.00290160650695375	0.00149085395109266	1.47395889780268e-05	-0.00263977987736962	0	-0.00169183782451904
0.285625666998030	0.714374333001970	713.393934117869	0.00283990256927652	0.00149978262854606	1.44247360896855e-05	-0.00260252516068406	0	-0.00167862411777117
0.282114110464196	0.717885889535804	716.900671433055	0.00277808271816548	0.00150929978824820	1.42474468786618e-05	-0.00256536165033812	0	-0.00166555757144134
0.278615144037633	0.721384855962367	720.394835919484	0.00271609773748180	0.00151946882188705	1.40619131003559e-05	-0.00252815554642215	0	-0.00165247844827848
0.275128974781231	0.724871025218769	723.876220798437	0.00265422237705897	0.00152988021568690	1.38300244915209e-05	-0.00249093519829213	0	-0.00163948505408770
0.271655809086303	0.728344190913697	727.344619961850	0.00259295408410937	0.00154013398246882	1.36707609387160e-05	-0.00245390098775358	0	-0.00162670776292934
0.268195852661185	0.731804147338815	730.799827983699	0.00253271305786451	0.00155007318228018	1.38122098059753e-05	-0.00241729416418175	0	-0.00161430832251900
0.264749310519851	0.735250689480149	734.241640131368	0.00247362152109984	0.00155963151172264	1.42729705282468e-05	-0.00238127013960072	0	-0.00160223935601670
0.261316386970551	0.738683613029449	737.669852376998	0.00241563102734320	0.00156873749862778	1.48468491588147e-05	-0.00234593004324985	0	-0.00159038205363019
0.257897285604454	0.742102714395546	741.084261408826	0.00235874812503542	0.00157701962467140	1.53909237929160e-05	-0.00231140466270559	0	-0.00157877033018526
0.254492209284309	0.745507790715691	744.484664642509	0.00230301353167951	0.00158448470272718	1.57771981210030e-05	-0.00227779885589010	0	-0.00156735673951583
0.251101360133135	0.748898639866865	747.870860232419	0.00224839238780693	0.00159207243548781	1.57849297327912e-05	-0.00224514477477611	0	-0.00155600731584616
0.247724939522905	0.752275060477095	751.242647082944	0.00219475625502727	0.00160103073794293	1.53398682427181e-05	-0.00221347044338586	0	-0.00154461751846394
0.244363148063271	0.755636851936729	754.599824859746	0.00214190428233805	0.00161219673712151	1.47689522931987e-05	-0.00218288324937568	0	-0.00153326749378477
0.241016185590289	0.758983814409711	757.942194001022	0.00208964993869801	0.00162503197366581	1.46092380157914e-05	-0.00215352005231504	0	-0.00152218732424182
0.237684251155170	0.762315748844830	761.269555728737	0.00203792435180813	0.00163769162192342	1.50841631089575e-05	-0.00212535779675500	0	-0.00151151025965457
0.234367543013051	0.765632456986949	764.581712059836	0.00198678214482635	0.00164908453966509	1.59432702381526e-05	-0.00209818369464616	0	-0.00150116322832693
0.231066258611781	0.768933741388219	767.878465817445	0.00193631957431900	0.00165976553820450	1.68698814864691e-05	-0.00207176137511543	0	-0.00149092674319381
0.227780594580726	0.772219405419274	771.159620642051	0.00188661401225998	0.00167051746808748	1.77891096493118e-05	-0.00204589034434736	0	-0.00148072253336703
0.224510746719602	0.775489253280398	774.424981002650	0.00183770961329585	0.00168130506141768	1.87048652596972e-05	-0.00202036746982518	0	-0.00147058665159182
0.221256909987317	0.778743090012683	777.674352207894	0.00178959683227802	0.00169195871169088	1.95056063216631e-05	-0.00199505277322852	0	-0.00146051158073272
0.218019278490844	0.781980721509156	780.907540417200	0.00174222695862222	0.00170306640986880	2.00807330519809e-05	-0.00196993812103305	0	-0.00145047120331409
0.214798045474110	0.785201954525890	784.124352651847	0.00169557330939292	0.00171530078351274	2.04994566365591e-05	-0.00194509278992923	0	-0.00144050272347408
0.211593403306909	0.788406596693091	787.324596806046	0.00164963976709899	0.00172839622536227	2.09787746557994e-05	-0.00192056368890719	0	-0.00143069406651578
0.208405543473838	0.791594456526162	790.508081657992	0.00160441334721541	0.00174088735015427	2.16760639822732e-05	-0.00189632951108707	0	-0.00142106192275110
0.205234656563255	0.794765343436745	793.674616880888	0.00155986865159315	0.00175109407258407	2.24822734081578e-05	-0.00187232367288851	0	-0.00141152766137499
0.202080932256261	0.797919067743739	796.824013053949	0.00151603779067737	0.00175894150850151	2.31191011225424e-05	-0.00184846215873732	0	-0.00140198068416411
0.198944559315707	0.801055440684293	799.956081673381	0.00147303175196214	0.00176579809240698	2.34949502190828e-05	-0.00182465363487347	0	-0.00139249231739358
0.195825725575225	0.804174274424775	803.070635163331	0.00143095113832757	0.00177288989454779	2.37539978222396e-05	-0.00180079997892408	0	-0.00138325228322738
0.192724617928286	0.807275382071714	806.167486886819	0.00138979343336610	0.00178069027873711	2.40055217271251e-05	-0.00177686011069397	0	-0.00137432418524142
0.189641422317281	0.810358577682719	809.246451156639	0.00134946693472620	0.00178907949001614	2.42142377570607e-05	-0.00175285091065249	0	-0.00136565396429801
0.186576323722628	0.813423676277372	812.307343246239	0.00130986156735436	0.00179742620817153	2.43043681031564e-05	-0.00172878830348780	0	-0.00135721570108266
0.183529506151914	0.816470493848086	815.349979400560	0.00127090364222100	0.00180492459455347	2.42332263518599e-05	-0.00170477932806720	0	-0.00134904444882841
0.180501152629053	0.819498847370947	818.374176846869	0.00123257542688395	0.00181140191321777	2.39461204857173e-05	-0.00168103406044350	0	-0.00134112808701364
0.177491445183478	0.822508554816522	821.379753805549	0.00119487987722618	0.00181741996782537	2.33883550126741e-05	-0.00165772867667472	0	-0.00133339341115878
0.174500564839367	0.825499435160633	824.366529500855	0.00115776497855228	0.00182374650064013	2.25938162827829e-05	-0.00163498121205078	0	-0.00132578285589860
0.171528691604886	0.828471308395114	827.334324171664	0.00112111307540869	0.00183083742128372	2.17017193000020e-05	-0.00161290959921599	0	-0.00131824469106236
0.168576004461474	0.831423995538526	830.282959082169	0.00108484208693322	0.00183847527319391	2.08931356550593e-05	-0.00159159617290960	0	-0.00131080921701872
0.165642681353152	0.834357318646848	833.212256532556	0.00104899695162541	0.00184615167231302	2.02486941257963e-05	-0.00157096157865633	0	-0.00130358679806178
0.162728899175862	0.837271100824138	836.122039869654	0.00101370760936099	0.00185366842505034	1.97187450941476e-05	-0.00155082043104565	0	-0.00129657449313123
0.159834833766845	0.840165166233155	839.012133497538	0.000979083180647373	0.00186103762807628	1.92942398643053e-05	-0.00153103933716083	0	-0.00128973195329088
0.156960659894045	0.843039340105955	841.882362888114	0.000945183048328210	0.00186842937600619	1.90495181199644e-05	-0.00151157620913799	0	-0.00128308970250733
0.154106551245546	0.845893448754454	844.732554591666	0.000912064192793715	0.00187621088695954	1.90759234344348e-05	-0.00149242929090108	0	-0.00127668356365664
0.151272680419049	0.848727319580951	847.562536247363	0.000879796253414854	0.00188432129948330	1.95228847928649e-05	-0.00147358606164727	0	-0.00127055005450035
0.148459218911375	0.851540781088625	850.372136593745	0.000848417419948880	0.00189183169256449	2.05148262226226e-05	-0.00145500083382929	0	-0.00126472596596651
0.145666337108011	0.854333662891989	853.161185479160	0.000817906661198206	0.00189774728449926	2.18815219560171e-05	-0.00143659215010102	0	-0.00125919132445009
0.142894204272683	0.857105795727317	855.929513872177	0.000788211224405150	0.00190206447888709	2.31277030592741e-05	-0.00141827907714166	0	-0.00125383228443049
0.140142988536976	0.859857011463024	858.676953871953	0.000759288090010139	0.00190556018319505	2.37836770685123e-05	-0.00140004636974644	0	-0.00124852251252358
0.137412856889981	0.862587143110019	861.403338718571	0.000731114089638854	0.00190891214774363	2.37401569814112e-05	-0.00138196542547960	0	-0.00124320990690657
0.134703975167984	0.865296024832016	864.108502803337	0.000703672899608401	0.00191239291462920	2.32745490991130e-05	-0.00136415658205413	0	-0.00123794893770570
0.132016508044196	0.867983491955804	866.792281679035	0.000676945869825941	0.00191601967135876	2.28328101039967e-05	-0.00134673313379254	0	-0.00123289559335797
0.129350619018518	0.870649380981482	869.454512070150	0.000650909928216523	0.00191973281119708	2.27401889458043e-05	-0.00132976096998190	0	-0.00122817390307395
0.126706470407344	0.873293529592656	872.095031883048	0.000625541540532166	0.00192360420290010	2.30498873993801e-05	-0.00131325928632294	0	-0.00122378026445086
0.124084223333413	0.875915776666587	874.713680216114	0.000600826909224667	0.00192774563528542	2.36226796897541e-05	-0.00129720384680422	0	-0.00121963921661380
0.121484037715691	0.878515962284309	877.310297369852	0.000576767484976353	0.00193202327620749	2.42793670660741e-05	-0.00128153574465930	0	-0.00121567878180112
0.118906072259304	0.881093927740696	879.884724856942	0.000553376994697335	0.00193618518924252	2.48917821410364e-05	-0.00126620519140219	0	-0.00121184812858114
0.116350484445512	0.883649515554488	882.436805412249	0.000530675279910647	0.00194005597220344	2.54096187065145e-05	-0.00125121513252372	0	-0.00120813030192371
0.113817430521716	0.886182569478284	884.966383002804	0.000508674276408638	0.00194351489033955	2.58196155013965e-05	-0.00123662011940243	0	-0.00120451863950822
0.111307065491528	0.888692934508472	887.473302837721	0.000487359363665991	0.00194656398044495	2.61071894871276e-05	-0.00122250895193587	0	-0.00120099023255641
0.108819543104865	0.891180456895135	889.957411378086	0.000466687066831108	0.00194939698919807	2.62993788844771e-05	-0.00120899183066049	0	-0.00119752800407441
0.106355015848106	0.893644984151894	892.418556346791	0.000446600608833401	0.00195225024063752	2.64946935897951e-05	-0.00119617735246581	0	-0.00119415841640335
0.103913634934285	0.896086365065715	894.856586738326	0.000427042765756030	0.00195533125945876	2.67665817788645e-05	-0.00118414976575274	0	-0.00119090826773541
0.101495550293332	0.898504449706668	897.271352828522	0.000407963702266414	0.00195890153632674	2.70670959652876e-05	-0.00117295139857700	0	-0.00118776574188857
0.0991009105623650	0.900899089437635	899.662706184249	0.000389332444560765	0.00196322121322283	2.72904647060549e-05	-0.00116257349884049	0	-0.00118473414098212
0.0967298630760300	0.903270136923970	902.030499673061	0.000371143874619776	0.00196843105466663	2.73853350217992e-05	-0.00115296041675711	0	-0.00118184053738527
0.0943825538568864	0.905617446143114	904.374587472799	0.000353411071841991	0.00197448278149023	2.73728953140582e-05	-0.00114402333988217	0	-0.00117908391663705
0.0920591276058468	0.907940872394153	906.694825081136	0.000336147853642293	0.00198112745417590	2.73118017427148e-05	-0.00113566059040987	0	-0.00117643680291932
0.0897597276926650	0.910240272307335	908.991069325077	0.000319356505213943	0.00198797730182801	2.72661639601045e-05	-0.00112776860123725	0	-0.00117388206340617
0.0874844961464766	0.912515503853523	911.263178370406	0.000303031476929452	0.00199460649645153	2.72777362930369e-05	-0.00112025476891137	0	-0.00117142686925807
0.0852335736463911	0.914766426353609	913.511011731079	0.000287173859944324	0.00200065370372111	2.73559315475508e-05	-0.00111306108031178	0	-0.00116909521376542
0.0830070995121384	0.916992900487862	915.734430278568	0.000271800826223395	0.00200592730677712	2.75023179800671e-05	-0.00110617465791977	0	-0.00116691323953857
0.0808052116947669	0.919194788305233	917.933296251145	0.000256942545660154	0.00201049679973112	2.77380945194707e-05	-0.00109961758423511	0	-0.00116490249138641
0.0786280467673990	0.921371953232601	920.107473263121	0.000242632465879952	0.00201466390888336	2.80741920598958e-05	-0.00109342342307258	0	-0.00116305941034100
0.0764757399160395	0.923524260083961	922.256826314018	0.000228898252691656	0.00201881758737684	2.84493808427403e-05	-0.00108761354664311	0	-0.00116133187903107
0.0743484249304427	0.925651575069557	924.381221797693	0.000215756075003851	0.00202332633442624	2.87412518804783e-05	-0.00108218922656848	0	-0.00115964178327426
0.0722462341950334	0.927753765804967	926.480527511404	0.000203209126248874	0.00202844644230982	2.88589647388626e-05	-0.00107713844425199	0	-0.00115793725754248
0.0701692986798893	0.929830701320111	928.554612664816	0.000191249989126141	0.00203419784559357	2.88069882733362e-05	-0.00107244355829191	0	-0.00115622024002611
0.0681177479317799	0.931882252068220	930.603347888947	0.000179864334899309	0.00204031838631118	2.86592825593846e-05	-0.00106808629381984	0	-0.00115452282007128
0.0660917100652639	0.933908289934736	932.626605245061	0.000169033618701727	0.00204636833949831	2.84888931469678e-05	-0.00106405195284373	0	-0.00115287538180470
0.0640913117538501	0.935908688246150	934.624258233496	0.000158736864716195	0.00205193772407853	2.83152708319811e-05	-0.00106032937842659	0	-0.00115128868876162
0.0621166782212164	0.937883321778784	936.596181802428	0.000148951509783301	0.00205681128713521	2.81015349512438e-05	-0.00105690532025782	0	-0.00114974509522914
0.0601679332324919	0.939832066767508	938.542252356582	0.000139652885420812	0.00206100861261600	2.77930245735357e-05	-0.00105375925164843	0	-0.00114821322037319
0.0582451990856020	0.941754800914398	940.462347765873	0.000130814687302312	0.00206473966125211	2.73582544845359e-05	-0.00105086485533049	0	-0.00114667580049758
0.0563485966026763	0.943651403397324	942.356347373987	0.000122412214861025	0.00206829985097073	2.68052028559109e-05	-0.00104819548121759	0	-0.00114514054535207
0.0544782451215212	0.945521754878479	944.224132006894	0.000114425369041588	0.00207194453821966	2.61700013961506e-05	-0.00104572723585500	0	-0.00114362786695777
0.0526342624871584	0.947365737512842	946.065583981302	0.000106837945167409	0.00207581787648944	2.54910046293286e-05	-0.00104343913260599	0	-0.00114215414753064
0.0508167650434277	0.949183234956572	947.880587113041	9.96341862745760e-05	0.00207994516782584	2.47934603229286e-05	-0.00104131333921539	0	-0.00114072176131391
0.0490258676246587	0.950974132375341	949.669026725377	9.27961452539907e-05	0.00208424501789838	2.40989629238912e-05	-0.00103933552399040	0	-0.00113932098953217
0.0472616835474092	0.952738316452591	951.430789657268	8.63038650076812e-05	0.00208854959616363	2.34412361234329e-05	-0.00103749270234658	0	-0.00113794771451523
0.0455243246022710	0.954475675397729	953.165764271542	8.01375608508747e-05	0.00209264770506623	2.28635002157144e-05	-0.00103576948191714	0	-0.00113661548632421
0.0438139010457482	0.956186098954252	954.873840463008	7.42797866563505e-05	0.00209634459441423	2.24065637720387e-05	-0.00103414657746147	0	-0.00113534913256388
0.0421305215922023	0.957869478407798	956.554909666505	6.87163184001380e-05	0.00209951080473244	2.21106685249000e-05	-0.00103260267496063	0	-0.00113417633365501
0.0404742934058703	0.959525706594130	958.208864864866	6.34357816030080e-05	0.00210210091552558	2.20237631977567e-05	-0.00103111746703964	0	-0.00113312488812049
0.0388453220929547	0.961154677907045	959.835600596822	5.84287913892308e-05	0.00210414014772137	2.21939877917150e-05	-0.00102967419186939	0	-0.00113221821200258
0.0372437116937855	0.962756288306215	961.435012964825	5.36873252676575e-05	0.00210569301474100	2.26485936928663e-05	-0.00102826104962438	0	-0.00113146760670767
0.0356695646750560	0.964330435324944	963.006999642807	4.92044909656621e-05	0.00210683900558519	2.33794162537633e-05	-0.00102687105561799	0	-0.00113086792986698
0.0341229819221338	0.965877018077866	964.551459883854	4.49743840623547e-05	0.00210766116986766	2.43439940479051e-05	-0.00102550086430221	0	-0.00113040026168880
0.0326040627314459	0.967395937268554	966.068294527812	4.09917610981868e-05	0.00210823038287947	2.54758998765725e-05	-0.00102414949526136	0	-0.00113003838191493
0.0311129048029407	0.968887095197059	967.557406008816	3.72515415193184e-05	0.00210858514934466	2.66971722264084e-05	-0.00102281722993443	0	-0.00112975452068149
0.0296496042326278	0.970350395767372	969.018698362736	3.37482907780253e-05	0.00210873402986025	2.79306568468838e-05	-0.00102150473655547	0	-0.00112952426663433
0.0282142555051929	0.971785744494807	970.452077234556	3.04758578687274e-05	0.00210869159886749	2.91082346373121e-05	-0.00102021242728069	0	-0.00112932952257723
0.0268069514866951	0.973193048513305	971.857449885666	2.74273142558637e-05	0.00210851648494286	3.01710855193599e-05	-0.00101893977300529	0	-0.00112915725744073
0.0254277834173406	0.974572216582659	973.234725201077	2.45951611207672e-05	0.00210831375337415	3.10674386637972e-05	-0.00101768457579543	0	-0.00112899659452362
0.0240768409043386	0.975923159095661	974.583813696555	2.19715891376780e-05	0.00210819998370480	3.17574549822310e-05	-0.00101644276514939	0	-0.00112883879328191
0.0227542119148381	0.977245788085162	975.904627525676	1.95486266611753e-05	0.00210825785079942	3.22254836227575e-05	-0.00101520907779967	0	-0.00112868092310130
0.0214599827689462	0.978540017231054	977.197080486797	1.73181762284529e-05	0.00210850604275674	3.24890402224733e-05	-0.00101397821426137	0	-0.00112852956590033
0.0201942381328298	0.979805761867170	978.461088029948	1.52719942519172e-05	0.00210889624248826	3.25940560728710e-05	-0.00101274568892608	0	-0.00112839922546383
0.0189570610119018	0.981042938988098	979.696567263630	1.34016430102127e-05	0.00210933390121680	3.25970832386921e-05	-0.00101150795396937	0	-0.00112830501849647
0.0177485327440904	0.982251467255910	980.903436961543	1.16984453545571e-05	0.00210970893576788	3.25463270986211e-05	-0.00101026210299766	0	-0.00112825580265195
0.0165687329931947	0.983431267006805	982.081617569216	1.01534882480027e-05	0.00210992261884365	3.24731817576940e-05	-0.00100900585760779	0	-0.00112825302850590
0.0154177397423275	0.984582260257673	983.231031210562	8.75769930355576e-06	0.00210990518087123	3.23954867017919e-05	-0.00100773825919116	0	-0.00112829420644814
0.0142956292874432	0.985704370712557	984.351601694331	7.50197205856599e-06	0.00210962523952004	3.23248371902292e-05	-0.00100646088560417	0	-0.00112837615151524
0.0132024762309563	0.986797523769044	985.443254520495	6.37728871911251e-06	0.00210909244264778	3.22705951479675e-05	-0.00100517905265974	0	-0.00112849495224490
0.0121383534754463	0.987861646524554	986.505916886523	5.37480559934660e-06	0.00210835236183642	3.22395145782475e-05	-0.00100390248730405	0	-0.00112864367223766
0.0111033322174536	0.988896667782546	987.539517693585	4.48590538681583e-06	0.00210747348787892	3.22345188239764e-05	-0.00100264516247502	0	-0.00112881104145550
0.0100974819413664	0.989902518058634	988.543987552651	3.70224358023001e-06	0.00210653049794680	3.22555667178464e-05	-0.00100142422858197	0	-0.00112898313121046
0.00912087041339739	0.990879129586603	989.519258790512	3.01580739965493e-06	0.00210559036309558	3.23021664833809e-05	-0.00100025826122233	0	-0.00112914700150083
0.00817356367565411	0.991826436324346	990.465265455694	2.41898095964566e-06	0.00210470502735055	3.23751525611976e-05	-0.000999165277034219	0	-0.00112929382543549
0.00725562604030164	0.992744373959698	991.381943324294	1.90459577101664e-06	0.00210390968480910	3.24761744238179e-05	-0.000998160999765280	0	-0.00112941990394144
0.00636712008381921	0.993632879916181	992.269229905713	1.46594898335400e-06	0.00210322378448639	3.26053642448733e-05	-0.000997257684727986	0	-0.00112952565125723
0.00550810664135135	0.994491893358649	993.127064448293	1.09678539595606e-06	0.00210265309870974	3.27589443121973e-05	-0.000996463576307361	0	-0.00112961362378065
0.00467864480115515	0.995321355198845	993.955387944872	7.91252130117952e-07	0.00210219276239564	3.29283732557934e-05	-0.000995782905200094	0	-0.00112968671842449
0.00387879189914286	0.996121208100857	994.754143138223	5.43840913654077e-07	0.00210183131260944	3.31014711675578e-05	-0.000995216257183348	0	-0.00112974714901894
0.00310860351352288	0.996891396486477	995.523274526414	3.49331950608238e-07	0.00210155492329250	3.32648180861805e-05	-0.000994761138890657	0	-0.00112979621538609
0.00236813345953710	0.997631866540463	996.262728368056	2.02748222152138e-07	0.00210135061677581	3.34062880811617e-05	-0.000994412600603537	0	-0.00112983455019909
0.00165743378429843	0.998342566215702	996.972452687468	9.93233886321012e-08	0.00210120776198039	3.35168712255831e-05	-0.000994163828036564	0	-0.00112986250784709
0.000976554761726947	0.999023445238273	997.652397279723	3.44824161976502e-08	0.00210111808301310	3.35843571181257e-05	-0.000994006663830746	0	-0.00112988048874118
0.000325544887587024	0.999674455112413	998.302513715613	3.83250123692651e-09	0.00210094804657145	3.36490922238118e-05	-0.000993932051618661	0	-0.00112988912246048
